[?25l[39m[38;2;12;14;16mсЂЃ[38;2;58;19;24mсЃЁ[38;2;171;30;37mсЃб[38;2;94;27;28mсѓ│[38;2;184;28;35mсЃЮ[38;2;181;27;35mсЃѓ[38;2;83;47;44mсЂЌ[38;2;75;42;44mсЂЊ[38;2;71;38;39mсѓЄ[38;2;136;92;93mсЂ«[38;2;144;90;90mсЃб[38;2;141;89;91mсЃе[38;2;93;53;54mсЂћ[38;2;90;51;52mсЂљ[38;2;12;14;16mсЂѓсЂЃсЂЃсЂЃсЂЃсЂЃсЂЃсЂѓ[38;2;13;12;13mсЂЈ[38;2;73;25;26mсѓД[38;2;105;26;31mсѓЃ[39m
[38;2;12;14;16mсЂЃ[38;2;13;13;15mсЂЈ[38;2;13;13;16mсЂЈ[38;2;11;14;16mсЂЃ[38;2;90;55;56mсѓД[38;2;111;64;65mсЂ╗[38;2;143;78;78mсЂі[38;2;206;121;121mсЂй[38;2;63;37;40mсѓђ[38;2;106;71;75mсѓ│[38;2;154;98;98mсЂй[38;2;161;89;90mсЂі[38;2;66;40;42mсЃѓ[38;2;13;13;16mсЃљ[38;2;12;14;16mсЂѓсЂЃсЂЃсЂЃсЂйсЂй[38;2;56;19;21mсЂЌ[38;2;105;28;35mсѓЁ[38;2;116;32;36mсЃѓ[38;2;18;3;5mсЃф[38;2;0;0;1mсЂЊ[39m
[38;2;14;13;14mсЂЃ[38;2;109;66;68mсѓД[38;2;186;108;109mсЂЅ[38;2;171;90;92mсЂг[38;2;147;79;81mсЂј[38;2;169;96;96mсЂ╗[38;2;211;122;122mсЃЮ[38;2;160;86;89mсЂб[38;2;112;73;74mсЂа[38;2;163;92;94mсЂ╗[38;2;145;89;89mсЃГ[38;2;110;67;71mсЂ╣[38;2;57;23;22mсЃљ[38;2;12;13;16mсЂЃ[38;2;12;14;16mсЂЃ[38;2;13;13;16mсЂй[38;2;49;19;21mсЂЌ[38;2;11;13;15mсЂЃ[38;2;115;27;32mсѓД[38;2;166;34;41mсЃБ[38;2;94;23;27mсЃи[38;2;0;0;0mсЂЃсЂЃсЂЃсЂЃ[39m
[38;2;131;79;79mсѓ│[38;2;212;124;125mсЃю[38;2;152;89;90mсЂг[38;2;120;66;66mсЂг[38;2;164;87;88mсЂй[38;2;129;74;77mсЃЮ[38;2;133;97;96mсЃљ[38;2;127;66;66mсЂЅ[38;2;150;84;84mсЂй[38;2;138;84;86mсѓ«[38;2;77;22;24mсЃљ[38;2;30;17;19mсѓй[38;2;13;13;16mсЂ▒[38;2;16;12;13mсѓД[38;2;67;16;23mсЂў[38;2;91;21;25mсЃЦ[38;2;115;24;32mсЂЅ[38;2;141;31;35mсЃц[38;2;40;10;11mсѓй[38;2;0;0;0mсЂЃ[38;2;126;111;96mсѓЄ[38;2;149;132;114mсЂ»[38;2;23;22;21mсЃј[38;2;0;0;0mсЂЃсЂЃ[39m
[38;2;12;13;17mсЂЃ[38;2;136;94;92mсѓЂ[38;2;120;76;79mсЂЪ[38;2;107;67;67mсЃ╣[38;2;76;51;52mсѓЄ[38;2;110;78;78mсѓЂ[38;2;138;89;91mсѓЂ[38;2;127;60;65mсЂа[38;2;142;38;43mсѓЉ[38;2;102;24;29mсѓх[38;2;104;23;29mсѓЄ[38;2;172;27;34mсЂЅ[38;2;205;28;36mсЂ╗[38;2;189;30;34mсЃб[38;2;175;28;36mсѓљ[38;2;159;26;31mсЃЮ[38;2;34;9;10mсѓй[38;2;1;0;1mсѓй[38;2;0;0;0mсЂЃ[38;2;42;36;32mсЃЈ[38;2;162;140;121mсЂг[38;2;131;111;94mсЂ▒[38;2;194;171;149mсѓЉ[38;2;79;71;65mсѓЄ[38;2;0;0;0mсЂЃ[39m
[38;2;12;13;15mсЃ╝[38;2;116;70;69mсЃ░[38;2;176;103;102mсЂ▒[38;2;123;72;72mсЂ▒[38;2;134;88;91mсЃе[38;2;106;37;40mсЂћ[38;2;197;22;30mсЂЅ[38;2;230;28;36mсЂй[38;2;205;30;40mсЂ▒[38;2;234;28;37mсЃГ[38;2;237;28;36mсЂѓ[38;2;194;29;35mсЂй[38;2;184;30;38mсѓљ[38;2;161;28;33mсЃ║[38;2;34;14;17mсѓй[38;2;11;10;11mсЃГ[38;2;0;0;0mсЂЃсЂЃсЂЃсЂЃ[38;2;0;0;1mсЂЃ[38;2;165;144;121mсЃЌ[38;2;216;188;153mсЂг[38;2;191;168;147mсЂф[38;2;0;0;0mсЂЃ[39m
[38;2;12;14;16mсЂЃ[38;2;29;22;25mсЃљ[38;2;120;70;72mсЂъ[38;2;127;67;70mсЃЉ[38;2;130;22;27mсЃЮ[38;2;202;28;37mсЂй[38;2;238;27;36mсЂѓ[38;2;238;28;36mсЂЃ[38;2;233;28;38mсЂй[38;2;197;28;34mсЂй[38;2;222;28;37mсЂй[38;2;166;28;35mсЃ║[38;2;117;70;47mсЃД[38;2;97;92;95mсЃД[38;2;12;12;11mсЂ▒[38;2;12;12;12mсЂЃ[38;2;0;0;0mсЂЃсЂЃсЂЃсЂЃ[38;2;27;23;21mсЃ╝[38;2;168;135;105mсЂЂ[38;2;220;191;160mсЂѓ[38;2;220;192;163mсЂй[38;2;1;0;0mсЂЃ[39m
[38;2;12;14;16mсЂЃсЂѓ[38;2;40;14;16mсЂћ[38;2;11;14;14mсЂЃ[38;2;91;27;29mсЂў[38;2;201;27;35mсЂ╗[38;2;237;28;37mсЂѓ[38;2;209;30;39mсЂѓ[38;2;194;32;40mсЂѓ[38;2;158;27;34mсЃб[38;2;63;77;89mсЂЅ[38;2;158;140;142mсЂЅ[38;2;157;117;106mсЂ▓[38;2;89;86;86mсЃ»[38;2;11;12;12mсЂй[38;2;12;12;12mсЂй[38;2;0;0;0mсЂЃсЂЃсЂЃсЂЃсЃЃ[38;2;153;133;112mсЃ║[38;2;195;170;148mсЃЌ[38;2;208;181;154mсѓЉ[38;2;0;0;0mсЂЃ[39m
[38;2;12;14;16mсЂй[38;2;12;13;16mсЂЃ[38;2;96;25;29mсѓД[38;2;211;30;37mсЂЅ[38;2;236;28;37mсЂй[38;2;238;28;36mсЂѓ[38;2;203;29;37mсЃГ[38;2;186;28;33mсЃЮ[38;2;88;28;30mсЂћ[38;2;60;27;25mсЃф[38;2;124;136;146mсѓх[38;2;172;174;173mсѓх[38;2;16;15;16mсЃф[38;2;31;37;40mсЂў[38;2;21;25;29mсѓБ[38;2;50;44;42mсЂЌ[38;2;0;0;0mсЂЃсЂЃсЂЃсЂЃсЂЃ[38;2;11;10;10mсЃљ[38;2;220;189;157mсЂъ[38;2;154;135;119mсЂџ[38;2;0;0;0mсЂЃ[39m
[38;2;163;29;33mсЂЅ[38;2;216;28;36mсЂ╗[38;2;238;26;38mсЂѓ[38;2;237;28;37mсЃГ[38;2;237;27;37mсЃЈ[38;2;202;29;35mсЂй[38;2;92;22;25mсѓд[38;2;0;0;0mсЂЃ[38;2;96;43;35mсЃЈ[38;2;121;43;26mсЂ▒[38;2;146;51;29mсѓљ[38;2;30;45;48mсЂЅ[38;2;42;50;55mсЃљ[38;2;11;13;14mсѓй[38;2;120;97;74mсЂ▒[38;2;203;176;152mсЃГ[38;2;23;20;20mсЂЃ[38;2;119;99;80mсЃД[38;2;24;21;22mсЃј[38;2;0;0;0mсЂЃсЂЃсЂЃ[38;2;55;45;38mсѓ│[38;2;207;180;155mсЂј[38;2;0;0;0mсЂЃ[39m
[38;2;235;28;39mсЃГ[38;2;194;29;36mсЂй[38;2;187;30;36mсЃГ[38;2;192;28;37mсЂй[38;2;145;22;26mсЂџ[38;2;223;75;41mсЂг[38;2;77;32;23mсЂё[38;2;0;0;0mсЂЃ[38;2;43;17;13mсѓЙ[38;2;155;58;39mсѓђ[38;2;231;81;37mсЂѓ[38;2;189;137;42mсЂЅ[38;2;6;7;7mсЂЃ[38;2;44;38;31mсЃЈ[38;2;239;203;165mсЂЙ[38;2;254;220;182mсЃГ[38;2;194;171;147mсЂѓ[38;2;90;71;54mсЂй[38;2;222;196;166mсѓљ[38;2;79;69;64mсѓЄ[38;2;0;0;0mсЂЌсЂЃ[38;2;33;27;23mсѓЙ[38;2;54;46;39mсЃё[38;2;0;0;0mсЂЃ[39m
[38;2;176;36;44mсЃИ[38;2;190;30;39mсЃѓ[38;2;74;17;20mсЃи[38;2;0;0;0mсЂЃ[38;2;1;0;2mсЂЃ[38;2;174;63;36mсЂЇ[38;2;224;101;37mсЂѓ[38;2;99;80;61mсѓЄ[38;2;3;0;1mсЂЌ[38;2;148;88;43mсѓ║[38;2;234;186;22mсЃГ[38;2;254;210;7mсЃ╝[38;2;47;43;32mсЃј[38;2;84;67;53mсЂ▒[38;2;254;220;182mсЂѓсЂЃ[38;2;253;220;182mсЃ╝[38;2;179;153;130mсЂ»[38;2;254;220;182mсЂѓ[38;2;247;214;179mсЂѓ[38;2;113;101;86mсЂё[38;2;41;37;34mсЃј[38;2;0;0;0mсЂЃсЂЃсЂЃ[39m
[38;2;0;0;0mсЂЃсЃисЂЃсЂЃсЂЃ[38;2;54;41;24mсЃЁ[38;2;228;190;21mсЂй[38;2;219;189;160mсЂЇ[38;2;234;204;172mсѓљ[38;2;100;90;82mсЂФ[38;2;167;140;33mсЃ║[38;2;228;194;29mсѓД[38;2;126;108;73mсЃГ[38;2;146;127;108mсЃ╣[38;2;238;204;165mсЂѓ[38;2;248;213;175mсЃГ[38;2;243;212;179mсЂј[38;2;189;166;143mсЃб[38;2;232;200;168mсЂѓ[38;2;254;220;182mсЂѓ[38;2;199;172;146mсѓЉ[38;2;206;177;152mсЂЅ[38;2;0;0;0mсЂЃсЂЃсЂЃ[39m
[38;2;0;0;0mсЂЃсЂЃсЂЃсЂЃсЂЃсЂЃ[38;2;76;66;27mсЃЌ[38;2;221;190;160mсЂѓ[38;2;254;220;182mсЂѓ[38;2;251;218;181mсЂѓ[38;2;211;184;157mсЂЅ[38;2;63;53;48mсѓ│[38;2;247;213;175mсѓЉ[38;2;221;192;163mсЂј[38;2;154;135;117mсЂј[38;2;157;134;114mсЃ╣[38;2;144;117;94mсѓЄ[38;2;29;32;37mсЃЃ[38;2;178;154;131mсѓ│[38;2;254;220;182mсЂЃсЂѓ[38;2;254;218;183mсЃ╝[38;2;42;38;36mсЂЃ[38;2;0;0;0mсЂЃсЂЃ[39m
[38;2;0;0;0mсЂЃсЂЃсЂЃсЂЃсЂЃсЂЃ[38;2;0;0;3mсѓ│[38;2;222;191;160mсЂѓ[38;2;254;220;182mсЂЃ[38;2;247;213;177mсЂй[38;2;233;201;168mсЃГ[38;2;196;171;147mсЂф[38;2;244;210;171mсЂѓ[38;2;218;186;153mсЃГ[38;2;248;215;177mсЃГ[38;2;225;193;158mсЂй[38;2;102;104;105mсЂ╗[38;2;87;96;101mсЂа[38;2;127;110;94mсЂй[38;2;254;220;182mсЂјсЂг[38;2;254;218;182mсЂѓ[38;2;88;79;72mсЂФ[38;2;6;1;1mсЂЃ[38;2;148;24;29mсЂ╗[39m
[38;2;0;0;0mсЂЃсЂЃсЂЃсЂЃсЂЃсЂЃ[38;2;0;0;1mсѓЙ[38;2;222;190;160mсЂѓ[38;2;254;220;182mсЂЃ[38;2;247;211;174mсЃГ[38;2;212;183;155mсЃю[38;2;238;204;171mсЂѓ[38;2;250;215;177mсЂй[38;2;230;198;162mсЂѓ[38;2;175;154;131mсЃЮ[38;2;121;131;139mсЂі[38;2;197;204;206mсЂ▒[38;2;68;59;51mсѓ│[38;2;157;135;115mсЂй[38;2;220;199;177mсЃГ[38;2;196;174;152mсЂѓ[38;2;254;219;183mсЃў[38;2;12;3;5mсЂЃ[38;2;186;28;34mсЂй[38;2;238;28;36mсЂй[39m
[38;2;0;0;0mсЂЃсЂЃсЂЃсЂЃсЂЃсЂЃ[38;2;0;0;2mсЂЃ[38;2;244;212;176mсЂй[38;2;254;220;182mсЂй[38;2;225;193;162mсЂѓ[38;2;172;138;105mсЂЙ[38;2;254;219;182mсЂй[38;2;168;147;126mсЂѓ[38;2;135;149;159mсѓЁ[38;2;172;177;179mсЃГ[38;2;171;186;194mсЂј[38;2;32;33;33mсЃј[38;2;97;103;108mсѓЁ[38;2;195;188;184mсЂ▒[38;2;221;221;220mсЂй[38;2;185;164;144mсЂ▒[38;2;138;118;104mсЂб[38;2;194;27;36mсЂй[38;2;237;28;37mсЂѓ[38;2;208;23;30mсЃѓ[39m
[38;2;0;0;0mсЂЃсЂЃсЂЃсЂЃсЂЃсЂЃ[38;2;0;0;2mсЂЃ[38;2;252;220;190mсѓД[38;2;252;220;185mсЂј[38;2;81;67;57mсЃ»[38;2;84;69;60mсЃЌ[38;2;168;142;116mсЂџ[38;2;161;165;168mсѓІ[38;2;197;197;197mсЂй[38;2;184;196;201mсЂ▒[38;2;130;139;146mсѓѕ[38;2;148;140;134mсЂг[38;2;98;99;101mсЃГ[38;2;236;236;236mсЂј[38;2;179;180;180mсЃЌ[38;2;203;203;204mсЃИ[38;2;216;202;203mсЂг[38;2;242;154;158mсЃІ[38;2;147;15;22mсЃЮ[38;2;114;13;17mсЂџ[39m
[38;2;0;0;0mсЂЃсЂЃсЂЃсЂЃсЂЃсЂЃ[38;2;0;0;1mсЃЁсЂЃ[38;2;0;0;2mсЃф[38;2;0;1;0mсЃф[38;2;0;0;0mсЂЃсЂЃ[38;2;84;85;89mсѓ║[38;2;188;190;193mсЂѓ[38;2;152;157;160mсЂј[38;2;157;140;138mсѓђ[38;2;196;170;142mсѓЉ[38;2;146;149;153mсЃЌ[38;2;39;35;33mсЂЊ[38;2;142;22;26mсѓД[38;2;175;47;56mсѓІ[38;2;110;77;88mсЂї[38;2;182;178;180mсЃЌ[38;2;190;190;189mсЃИ[38;2;0;0;0mсЂЃ[39m
[38;2;0;0;0mсЂЃсЂЃсЂЃсЂЃсЂЃсЂЃсЂЃсЂЃсЂЃсЂЃсЂЃсЂЃ[38;2;92;82;73mсѓ│[38;2;232;202;171mсЃГ[38;2;231;199;165mсЂг[38;2;225;197;169mсЃЮ[38;2;129;109;92mсѓ│[38;2;196;154;131mсЂЏ[38;2;183;53;53mсЃГ[38;2;239;27;38mсЂй[38;2;223;25;35mсЃЮ[38;2;136;17;20mсЂй[38;2;42;9;8mсЃ»[38;2;6;8;9mсЃф[38;2;0;0;0mсЂЃ[39m
[38;2;0;0;0mсЂЃсЂЃсЂЃсЂЃсЂЃсЂЃсЂЃсЂЃсЂЃсЂЃсЂЃсЂЃ[38;2;17;16;16mсЃљ[38;2;168;150;127mсѓх[38;2;169;150;128mсЂќ[38;2;82;71;64mсЂў[38;2;171;79;75mсЂй[38;2;228;29;37mсЂй[38;2;237;28;36mсЂй[38;2;199;21;28mсѓх[38;2;121;14;18mсЃЮ[38;2;8;3;2mсѓй[38;2;0;0;0mсЂЃсЂЃсЂЃ[39m
[38;2;0;0;0mсЂЃсЂЃсЂЃсЂЃсЂЃсЂЃсЂЃсЂЃсЂЃсЂЃсЂЃсЂЃсЂЃсЂЃ[38;2;212;183;157mсЂЙ[38;2;183;43;47mсѓЉ[38;2;238;27;36mсЂй[38;2;224;26;35mсЂй[38;2;165;15;23mсЃ»[38;2;77;15;18mсѓд[38;2;0;0;0mсЂЃсЂЃсЂЃсЂЃсЂЃ[39m
[38;2;0;0;0mсЂЃсЂЃсЂЃсЂЃсЂЃсЂЃсЂЃсЂЃсЂЃсЂЃсЂЃсЂЃсЂЃ[38;2;17;7;6mсЂЃ[38;2;197;33;41mсЂѓ[38;2;238;28;36mсЂѓ[38;2;215;24;32mсЃю[38;2;123;14;19mсЂј[38;2;22;5;6mсѓй[38;2;0;1;0mсЃф[38;2;0;0;0mсЂЃсЂЃсЂЃсЂЃсЂЃ[39m
[38;2;0;0;0mсЂЃсЂЃсЂЃсЂЃсЂЃсЂЃсЂЃсЂЃсЂЃсЂЃсЂЃсЂЃ[38;2;22;8;9mсЂЃ[38;2;202;26;35mсЂй[38;2;238;28;36mсЂй[38;2;192;21;28mсЃѓ[38;2;104;13;16mсЃ║[38;2;1;0;1mсЂЃ[38;2;0;0;0mсЂЃсЂЃсЂЃсЂЃсЂЃсЂЃсЂЃ[39m
[?25h