[?25l[39m[38;2;233;140;160mイ[38;2;234;138;158mロ[38;2;235;138;159mゑ[38;2;231;135;155mあ[38;2;135;82;92mコ[38;2;232;139;159mの[38;2;232;140;157mぽ[38;2;234;136;157mほ[38;2;233;137;157mる[38;2;234;138;158mロ[38;2;235;139;159mゅ[38;2;210;125;143mぱ[38;2;207;133;149mぎ[38;2;203;156;164mゐ[38;2;41;23;24mバ[38;2;20;1;3mぱ[38;2;16;1;0mわ[38;2;23;2;2mヂ[38;2;23;1;2mモ[38;2;29;1;2mコ[38;2;25;1;2mモ[38;2;33;2;3mロ[38;2;34;2;2mた[38;2;34;1;3mロ[38;2;25;2;2mほ[39m
[38;2;233;140;160mゑ[38;2;234;137;158mボ[38;2;230;137;156mぽ[38;2;162;97;108mゑ[38;2;226;136;154mロ[38;2;233;172;180mょ[38;2;233;137;158mぬ[38;2;209;127;143mロ[38;2;230;135;154mあ[38;2;233;136;157mお[38;2;233;137;157mぱ[38;2;232;139;158mぽ[38;2;228;136;157mあ[38;2;219;135;153mぽ[38;2;204;161;167mゐ[38;2;22;3;3mぃ[38;2;16;1;1mむ[38;2;69;64;62mし[38;2;27;3;7mオ[38;2;24;2;2mオ[38;2;25;1;3mヘ[38;2;31;2;3mぴ[38;2;32;2;2mほ[38;2;33;2;3mは[38;2;29;2;2mあ[39m
[38;2;229;146;163mあ[38;2;233;139;158mポ[38;2;228;134;153mぽ[38;2;121;82;89mぱ[38;2;232;134;155mゐ[38;2;232;171;180mる[38;2;235;154;170mだ[38;2;211;127;143mゑ[38;2;229;137;156mロ[38;2;232;137;158mあ[38;2;203;125;140mあ[38;2;233;136;157mあ[38;2;234;159;173mへ[38;2;228;139;157mロ[38;2;198;127;141mあ[38;2;151;119;123mむ[38;2;16;1;1mむ[38;2;164;158;151mロ[38;2;90;84;79mむ[38;2;72;61;59mこ[38;2;20;1;2mあ[38;2;24;1;2mが[38;2;30;2;2mポ[38;2;34;2;2mポ[38;2;32;2;2mあ[39m
[38;2;233;174;185mゑ[38;2;228;135;154mぽ[38;2;186;137;143mロ[38;2;179;117;128mぽ[38;2;235;140;159mぷ[38;2;234;139;158mぷ[38;2;233;139;159mあ[38;2;231;136;156mあ[38;2;191;112;130mあ[38;2;232;138;157mぱ[38;2;189;120;134mロ[38;2;148;90;101mぽ[38;2;236;138;160mペ[38;2;231;163;175mヤ[38;2;232;137;156mあ[38;2;193;133;143mロ[38;2;59;50;50mノ[38;2;180;167;160mあ[38;2;203;187;173mゐ[38;2;206;194;183mぬ[38;2;70;58;55mム[38;2;22;2;3mネ[38;2;24;2;2mぱ[38;2;36;2;2mぬ[38;2;31;2;2mあ[39m
[38;2;230;138;158mぽ[38;2;224;132;151mあ[38;2;172;158;152mぽ[38;2;178;111;123mぽ[38;2;232;136;156mロ[38;2;233;139;158mヸ[38;2;234;135;157mネ[38;2;213;122;141mあ[38;2;158;126;128mず[38;2;232;136;156mゐ[38;2;212;131;146mぬ[38;2;218;130;149mあ[38;2;224;132;151mあ[38;2;237;140;160mが[38;2;232;138;157mあ[38;2;232;135;157mあ[38;2;148;129;131mえ[38;2;100;90;86mコ[38;2;227;215;199mヸ[38;2;168;160;153mロ[38;2;205;194;180mゐ[38;2;22;3;3mぃ[38;2;29;2;2mぱ[38;2;32;2;2mネ[38;2;29;2;2mゑ[39m
[38;2;176;111;124mロ[38;2;187;121;132mあ[38;2;221;210;198mあ[38;2;196;132;142mぽ[38;2;232;137;157mぬ[38;2;234;136;157mあ[38;2;234;138;157mあ[38;2;205;125;142mぽ[38;2;184;175;165mあ[38;2;203;132;144mゑ[38;2;228;134;154mぽ[38;2;182;123;134mぽ[38;2;218;129;147mぎ[38;2;225;132;152mあ[38;2;230;135;155mぽ[38;2;231;139;157mあ[38;2;185;115;128mぎ[38;2;9;1;1mぃ[38;2;226;216;202mあ[38;2;211;204;191mあ[38;2;214;203;191mゑ[38;2;137;126;119mむ[38;2;25;2;2mヺ[38;2;28;2;2mぽ[38;2;95;50;49mっ[39m
[38;2;194;138;147mぽ[38;2;185;149;150mぽ[38;2;216;204;195mあ[38;2;186;141;147mロ[38;2;166;106;117mロ[38;2;225;133;152mぎ[38;2;222;135;151mぽ[38;2;185;113;128mロ[38;2;190;171;168mぽ[38;2;182;157;153mロ[38;2;221;133;150mぽ[38;2;196;128;140mぎ[38;2;207;159;163mロ[38;2;156;95;108mぽ[38;2;235;137;159mあ[38;2;196;118;134mロ[38;2;218;131;150mロ[38;2;82;47;52mい[38;2;195;184;174mモ[38;2;223;215;199mぎ[38;2;226;216;202mぱ[38;2;224;213;200mあ[38;2;129;100;99mみ[38;2;126;89;93mェ[38;2;206;134;139mゐ[39m
[38;2;195;117;134mま[38;2;110;107;104mゴ[38;2;142;142;140mゑ[38;2;155;147;148mむ[38;2;154;95;108mサ[38;2;233;135;156mぬ[38;2;234;134;157mあ[38;2;174;105;119mロ[38;2;192;160;160mぽ[38;2;140;138;135mゴ[38;2;135;109;113mェ[38;2;178;102;117mみ[38;2;160;145;140mヂ[38;2;150;111;119mぎ[38;2;216;129;147mぬ[38;2;220;131;151mゐ[38;2;167;159;151mぬ[38;2;174;160;152mゑ[38;2;172;162;152mぱ[38;2;228;216;201mみ[38;2;226;217;201mあ[38;2;226;217;202mた[38;2;181;170;161mぎ[38;2;226;148;156mあ[38;2;223;151;155mあ[39m
[38;2;94;56;59mぅ[38;2;216;218;217mあ[38;2;219;221;219mあ[38;2;217;219;219mあ[38;2;143;110;113mェ[38;2;219;127;148mあ[38;2;225;132;151mロ[38;2;229;136;156mあ[38;2;145;120;124mロ[38;2;216;218;218mロ[38;2;207;208;208mあ[38;2;207;130;146mあ[38;2;161;96;108mむ[38;2;163;156;149mゑ[38;2;113;69;77mコ[38;2;233;136;157mあ[38;2;151;104;111mぽ[38;2;201;161;164mあ[38;2;212;203;188mぽ[38;2;225;215;199mあ[38;2;221;209;194mロ[38;2;225;212;197mぽ[38;2;179;172;163mボ[38;2;223;143;152mあ[38;2;161;110;113mぽ[39m
[38;2;159;96;109mま[38;2;218;220;220mね[38;2;219;221;220mせ[38;2;190;191;192mぬ[38;2;197;193;192mロ[38;2;199;125;139mあ[38;2;224;133;152mぱ[38;2;230;136;156mあ[38;2;155;131;134mロ[38;2;162;164;165mポ[38;2;167;171;174mあ[38;2;202;196;197mぽ[38;2;189;135;146mぎ[38;2;142;128;123mぱ[38;2;153;104;110mぉ[38;2;222;130;149mあ[38;2;167;102;116mポ[38;2;140;86;96mぽ[38;2;98;87;86mプ[38;2;133;122;120mヷ[38;2;119;85;88mよ[38;2;151;127;125mだ[38;2;141;97;100mは[38;2;165;111;117mゑ[38;2;211;139;145mあ[39m
[38;2;112;89;91mパ[38;2;218;220;219mぎ[38;2;218;219;219mロ[38;2;110;147;163mェ[38;2;215;217;216mあ[38;2;217;207;193mぬ[38;2;187;132;140mあ[38;2;197;119;134mぽ[38;2;185;120;134mぽ[38;2;185;187;186mぬ[38;2;199;203;203mぱ[38;2;219;221;220mロ[38;2;218;220;218mあ[38;2;154;150;145mぱ[38;2;164;145;141mね[38;2;178;124;131mぽ[38;2;133;82;91mむ[38;2;188;108;124mゐ[38;2;98;75;78mく[38;2;79;58;60mぐ[38;2;177;114;115mヂ[38;2;205;133;141mぽ[38;2;201;135;140mロ[38;2;209;141;147mぱ[38;2;232;159;165mプ[39m
[38;2;92;90;88mづ[38;2;215;214;210mぽ[38;2;207;209;207mぽ[38;2;205;208;206mあ[38;2;214;209;202mロ[38;2;226;216;201mぱ[38;2;228;214;200mあ[38;2;180;156;153mロ[38;2;185;129;136mぎ[38;2;175;141;148mぽ[38;2;198;198;197mぽ[38;2;209;207;203mあ[38;2;223;217;202mあ[38;2;218;210;195mぽ[38;2;195;187;176mあ[38;2;113;104;98mむ[38;2;179;108;124mぎ[38;2;232;135;157mあ[38;2;156;89;104mな[38;2;92;65;68mで[38;2;38;17;17mぃ[38;2;96;67;69mに[38;2;181;118;123mヺ[38;2;220;147;153mぽ[38;2;233;155;162mめ[39m
[38;2;223;214;201mあ[38;2;226;216;203mぽ[38;2;229;212;203mま[38;2;223;210;201mロ[38;2;229;215;201mゐ[38;2;227;217;204mサ[38;2;225;214;204mあ[38;2;224;214;202mぽ[38;2;226;215;200mぽ[38;2;216;205;193mぱ[38;2;226;215;199mあ[38;2;226;214;199mゑ[38;2;227;214;200mぽ[38;2;223;214;200mあ[38;2;226;216;201mね[38;2;172;134;135mロ[38;2;186;113;128mロ[38;2;213;127;147mゑ[38;2;232;137;156mあ[38;2;146;86;98mな[38;2;101;80;83mう[38;2;155;101;105mぽ[38;2;219;145;151mロ[38;2;156;105;111mぱ[38;2;173;119;122mヹ[39m
[38;2;223;214;200mを[38;2;225;213;202mゑ[38;2;224;215;201mロ[38;2;226;212;201mロ[38;2;229;215;199mお[38;2;227;214;199mぽ[38;2;220;207;196mぽ[38;2;205;183;168mあ[38;2;224;212;198mあ[38;2;192;181;169mポ[38;2;194;181;170mポ[38;2;204;195;183mあ[38;2;227;214;200mロ[38;2;188;172;165mぽ[38;2;175;152;148mぎ[38;2;211;128;146mロ[38;2;193;121;134mぱ[38;2;187;112;127mロ[38;2;234;136;156mぱ[38;2;231;133;154mあ[38;2;155;115;122mロ[38;2;189;125;134mぽ[38;2;234;156;162mヰ[38;2;232;156;162mぽ[38;2;232;154;161mを[39m
[38;2;193;182;172mあ[38;2;225;215;205mぬオ[38;2;226;217;207mオ[38;2;225;210;199mロ[38;2;197;157;140mロ[38;2;207;145;119mぱ[38;2;233;158;127mぽ[38;2;187;138;118mゐ[38;2;211;144;118mぽ[38;2;230;159;129mゑ[38;2;218;156;131mぽ[38;2;215;202;191mゑ[38;2;131;87;95mで[38;2;162;108;114mヹ[38;2;170;117;125mヹ[38;2;140;98;104mぽ[38;2;133;84;94mる[38;2;228;136;155mあ[38;2;230;138;156mぽ[38;2;227;135;154mあ[38;2;189;117;131mぽ[38;2;226;150;159mあ[38;2;232;157;162mあ[38;2;235;161;167mヘ[39m
[38;2;166;127;132mロ[38;2;225;216;201mほ[38;2;224;215;203mポ[38;2;165;150;142mあ[38;2;223;153;125mロ[38;2;233;159;128mぎ[38;2;231;158;124mロ[38;2;234;157;125mあ[38;2;232;158;125mロ[38;2;230;157;125mロ[38;2;232;157;125mロ[38;2;228;156;123mぽ[38;2;133;123;118mボ[38;2;139;118;119mら[38;2;179;172;172mあ[38;2;177;145;149mロ[38;2;189;177;177mモ[38;2;158;143;143mぎ[38;2;219;132;150mあ[38;2;232;137;158mぽ[38;2;214;128;146mポ[38;2;230;134;153mロ[38;2;180;111;123mぽ[38;2;232;155;161mあ[38;2;234;158;162mぽ[39m
[38;2;169;109;120mゑ[38;2;177;168;158mヺ[38;2;228;214;200mあ[38;2;189;150;132mロ[38;2;230;155;122mぬ[38;2;235;160;127mゕ[38;2;234;159;127mぽ[38;2;232;157;125mゐ[38;2;233;159;126mゑ[38;2;231;159;127mぽ[38;2;232;157;127mぽ[38;2;108;73;64mむ[38;2;124;110;110mみ[38;2;133;127;128mゑ[38;2;213;141;147mぽ[38;2;232;153;160mほ[38;2;232;155;161mぬ[38;2;228;151;156mぬ[38;2;188;111;127mあ[38;2;232;138;158mポ[38;2;214;128;146mゑ[38;2;180;113;124mポ[38;2;230;136;155mロ[38;2;189;127;135mあ[38;2;232;157;162mぽ[39m
[38;2;167;109;118mぽ[38;2;137;90;96mょ[38;2;144;127;123mプ[38;2;159;133;120mサ[38;2;206;143;117mぽ[38;2;231;157;125mぎ[38;2;232;160;128mゐ[38;2;231;156;123mポ[38;2;212;146;117mぎ[38;2;153;141;131mゐ[38;2;212;195;180mゑ[38;2;184;158;153mぱ[38;2;117;101;102mん[38;2;208;139;143mぽ[38;2;230;155;160mぽ[38;2;234;158;163mぽ[38;2;234;156;162mね[38;2;231;154;160mロ[38;2;176;111;121mロ[38;2;231;138;157mモ[38;2;231;136;157mあ[38;2;194;124;131mあ[38;2;185;115;128mロ[38;2;168;108;116mロ[38;2;232;155;161mデ[39m
[38;2;160;158;156mヺ[38;2;162;144;145mロ[38;2;168;168;167mヸ[38;2;137;95;97mユ[38;2;194;184;176mぉ[38;2;171;148;139mロ[38;2;176;144;130mロ[38;2;217;160;136mヺ[38;2;197;187;173mぱ[38;2;226;213;198mぽ[38;2;222;204;187mぎ[38;2;225;212;200mぽ[38;2;187;133;137mぽ[38;2;233;155;160mヨ[38;2;234;156;162mぢ[38;2;234;159;164mぬ[38;2;233;156;162mロ[38;2;231;154;160mロ[38;2;175;111;118mロ[38;2;230;136;155mゑ[38;2;212;128;145mぎ[38;2;212;140;148mあ[38;2;189;126;131mぎ[38;2;148;95;99mぱ[38;2;220;144;150mぎ[39m
[38;2;202;133;139mあ[38;2;205;137;145mぽ[38;2;228;151;156mね[38;2;184;124;130mぽ[38;2;193;150;151mぽ[38;2;216;204;192mぽ[38;2;211;197;187mポ[38;2;171;162;152mぱ[38;2;223;213;197mあ[38;2;227;215;200mぽ[38;2;204;197;185mま[38;2;176;168;157mボ[38;2;169;125;128mぽ[38;2;231;155;161mあ[38;2;234;157;163mぽ[38;2;229;155;162mあ[38;2;203;136;143mあ[38;2;232;154;160mヨ[38;2;172;108;116mロ[38;2;232;135;156mあ[38;2;117;75;81mコ[38;2;229;154;160mぱ[38;2;228;152;158mあ[38;2;225;149;155mあ[38;2;137;110;110mワ[39m
[38;2;191;127;130mポ[38;2;221;145;151mあ[38;2;228;149;155mち[38;2;208;139;144mあ[38;2;189;130;134mポ[38;2;147;97;101mぬ[38;2;162;146;141mぱ[38;2;226;212;199mあ[38;2;222;210;195mぎ[38;2;197;188;178mぎ[38;2;185;175;165mポ[38;2;192;129;132mぽ[38;2;228;151;159mぜ[38;2;229;151;157mあ[38;2;233;156;162mボ[38;2;223;148;156mゑ[38;2;227;154;160mぽ[38;2;229;151;157mロ[38;2;119;74;81mぽ[38;2;139;85;93mむ[38;2;220;143;149mぽ[38;2;231;152;158mあ[38;2;226;149;155mぽ[38;2;146;92;101mむ[38;2;189;131;140mぽ[39m
[38;2;174;132;133mぎ[38;2;169;107;110mに[38;2;184;117;123mポ[38;2;176;116;121mぎ[38;2;135;92;95mヺ[38;2;209;134;139mあ[38;2;213;204;192mあ[38;2;222;209;196mあ[38;2;165;157;150mロ[38;2;222;211;197mゑ[38;2;179;147;143mロ[38;2;205;133;138mぎ[38;2;165;131;131mロ[38;2;217;143;147mあ[38;2;229;152;158mポ[38;2;195;129;134mロ[38;2;230;151;157mぱ[38;2;228;149;155mあ[38;2;210;138;146mぬ[38;2;185;125;129mぽ[38;2;229;151;157mぱ[38;2;216;137;146mぎ[38;2;115;72;78mコ[38;2;185;107;122mロ[38;2;228;131;153mぽ[39m
[38;2;175;170;170mあ[38;2;184;163;164mロ[38;2;189;141;144mぎ[38;2;196;122;127mポ[38;2;185;118;126mあ[38;2;143;92;97mヺ[38;2;215;207;192mあ[38;2;213;204;191mぎ[38;2;219;208;198mあ[38;2;218;209;194mぢ[38;2;188;167;160mぱ[38;2;156;141;137mほ[38;2;173;165;154mあ[38;2;216;137;145mあ[38;2;228;148;157mは[38;2;168;113;116mぱ[38;2;228;149;155mあ[38;2;229;150;156mお[38;2;221;141;149mぎ[38;2;193;127;131mゑ[38;2;207;130;138mぎ[38;2;105;63;69mょ[38;2;2;0;0mぃ[38;2;195;125;135mぎ[38;2;209;119;136mぽ[39m
[38;2;220;136;143mあ[38;2;200;151;153mぽ[38;2;150;133;135mあ[38;2;205;128;135mぽ[38;2;217;132;137mぽ[38;2;149;127;125mロ[38;2;217;203;193mロ[38;2;193;184;174mあ[38;2;217;206;191mポ[38;2;216;206;192mポ[38;2;217;209;193mモ[38;2;175;164;156mあ[38;2;154;99;103mほ[38;2;227;144;153mモ[38;2;224;141;148mあ[38;2;160;99;105mぱ[38;2;230;151;157mぢ[38;2;226;145;152mポ[38;2;143;94;96mぬ[38;2;170;105;110mゑ[38;2;177;101;114mぉ[38;2;224;121;142mあ[38;2;0;1;1mぃ[38;2;200;184;165mあ[38;2;185;110;124mゑ[39m
[?25h