[?25l[39m[38;2;254;254;254mあ[38;2;251;249;246mに[38;2;248;244;241mぎ[38;2;234;232;226mし[38;2;240;238;234mェ[38;2;195;194;190mロ[38;2;218;219;216mモ[38;2;223;224;222mあ[38;2;173;150;135mぎ[38;2;182;155;140mあ[38;2;165;140;126mぽ[38;2;152;125;110mロ[38;2;148;118;103mゑ[38;2;146;115;98mロ[38;2;157;125;108mみ[38;2;176;147;134mあ[38;2;179;151;135mぽ[38;2;189;161;145mご[38;2;173;142;126mみ[38;2;139;111;94mポ[38;2;136;110;93mぜ[38;2;125;98;82mロ[38;2;145;141;125mゼ[38;2;189;180;135mロ[38;2;169;163;136mロ[39m
[38;2;241;240;238mゑ[38;2;222;219;215mぽ[38;2;204;201;197mぎ[38;2;183;179;173mロ[38;2;188;183;177mヹ[38;2;154;152;147mほ[38;2;232;232;230mぽ[38;2;231;231;227mぎ[38;2;213;189;173mぱ[38;2;207;181;165mむ[38;2;191;167;152mぽ[38;2;206;179;163mぬ[38;2;166;132;116mょ[38;2;163;133;114mあ[38;2;162;129;110mこ[38;2;174;143;123mヶ[38;2;158;132;115mぽ[38;2;160;131;112mム[38;2;158;128;111mほ[38;2;171;141;124mゴ[38;2;184;154;138mぉ[38;2;145;126;110mむ[38;2;214;197;101mあ[38;2;175;167;119mロ[38;2;197;195;178mぱ[39m
[38;2;232;230;226mロ[38;2;230;227;224mぽ[38;2;222;217;212mぱ[38;2;225;220;214mゑ[38;2;211;207;199mぎ[38;2;169;166;161mロ[38;2;225;225;220mぎ[38;2;199;213;211mあ[38;2;148;171;166mロ[38;2;147;161;155mゴ[38;2;121;144;141mあ[38;2;149;145;136mぎ[38;2;206;182;166mあ[38;2;188;160;142mヷ[38;2;193;164;147mぉ[38;2;168;168;156mぬ[38;2;184;229;218mロ[38;2;177;218;207mぬ[38;2;172;151;137mぱ[38;2;203;178;161mぽ[38;2;196;176;161mモ[38;2;195;179;168mあ[38;2;170;169;157mコ[38;2;183;183;181mゐ[38;2;251;251;250mあ[39m
[38;2;250;250;246mあ[38;2;236;231;227mゐ[38;2;226;221;215mぽ[38;2;227;222;215mぱ[38;2;213;208;202mぽ[38;2;165;167;162mぱ[38;2;133;181;181mゑ[38;2;170;220;220mぽ[38;2;153;195;193mぱ[38;2;155;207;206mゑ[38;2;174;223;223mあ[38;2;170;217;217mゐ[38;2;117;124;118mぱ[38;2;204;176;160mモ[38;2;198;177;162mあ[38;2;210;254;246mロ[38;2;205;253;244mぎあ[38;2;200;215;209mロ[38;2;217;214;210mお[38;2;201;199;195mぱ[38;2;235;234;230mあ[38;2;202;202;200mぽ[38;2;232;232;230mロ[38;2;238;238;237mぽ[39m
[38;2;244;239;236mぽ[38;2;230;226;220mポ[38;2;220;216;210mぱ[38;2;217;211;203mあ[38;2;222;216;209mエ[38;2;122;154;152mぽ[38;2;141;202;204mぱ[38;2;212;248;246mあ[38;2;156;203;202mあ[38;2;136;182;181mぬ[38;2;189;236;236mぽ[38;2;208;248;249mあ[38;2;137;170;168mロ[38;2;194;187;177mぱ[38;2;204;201;195mゐ[38;2;230;254;252mょ[38;2;183;215;215mロ[38;2;232;254;252mぉ[38;2;210;220;217mロ[38;2;223;222;218mロ[38;2;208;206;202mロ[38;2;220;217;214mぽ[38;2;185;185;183mロ[38;2;123;122;121mむ[38;2;201;186;148mロ[39m
[38;2;236;234;228mみ[38;2;225;222;214mめ[38;2;181;177;171mボ[38;2;76;71;65mリ[38;2;130;125;119mプ[38;2;113;170;173mあ[38;2;152;209;210mぽ[38;2;216;250;249mポ[38;2;190;231;230mあ[38;2;128;163;160mゼ[38;2;174;225;225mゑ[38;2;202;246;246mあ[38;2;153;194;192mお[38;2;174;199;199mロ[38;2;241;237;234mロ[38;2;217;218;217mロ[38;2;250;254;254mロ[38;2;231;235;234mあ[38;2;210;209;206mぽ[38;2;219;218;214mロ[38;2;203;201;197mロ[38;2;224;224;221mぽ[38;2;183;183;181mぱ[38;2;206;207;202mあ[38;2;200;162;88mが[39m
[38;2;224;219;213mロ[38;2;161;157;152mぽ[38;2;73;69;65mヒ[38;2;68;61;52mだ[38;2;74;59;44mむ[38;2;136;145;117mコ[38;2;175;190;161mぎ[38;2;192;239;239mあ[38;2;208;248;247mあ[38;2;212;214;201mず[38;2;163;171;159mぽ[38;2;175;228;228mあ[38;2;169;181;166mあ[38;2;172;177;166mロ[38;2;240;236;233mが[38;2;193;193;190mロ[38;2;209;211;206mぱ[38;2;217;217;213mぽ[38;2;218;215;210mヺ[38;2;209;207;203mあ[38;2;177;169;163mロ[38;2;154;131;119mゑ[38;2;156;153;149mぱ[38;2;212;210;206mロ[38;2;189;154;95mぽ[39m
[38;2;146;143;140mゐ[38;2;75;73;71mゖ[38;2;79;74;70mわ[38;2;184;150;82mぽ[38;2;199;161;94mぱ[38;2;133;117;77mポ[38;2;133;181;181mぱ[38;2;190;240;240mぎ[38;2;200;240;238mあ[38;2;124;141;130mコ[38;2;181;172;133mぽ[38;2;92;133;134mゑ[38;2;96;98;74mロ[38;2;138;135;102mぽ[38;2;234;231;227mゑ[38;2;223;222;218mゑ[38;2;220;218;214mヂ[38;2;215;213;209mむ[38;2;215;214;209mっ[38;2;210;207;201mぎ[38;2;146;126;113mぽ[38;2;160;130;113mあ[38;2;178;177;173mガ[38;2;203;200;196mロ[38;2;147;125;103mロ[39m
[38;2;83;80;77mソ[38;2;87;83;77mを[38;2;149;124;78mぷ[38;2;198;160;90mぽ[38;2;186;153;84mぱ[38;2;127;132;105mぱ[38;2;144;202;204mぽ[38;2;176;220;219mぎ[38;2;175;172;135mほ[38;2;186;177;132mキ[38;2;148;155;124mロ[38;2;41;60;61mじ[38;2;154;143;106mケ[38;2;200;194;168mゐ[38;2;214;214;211mロ[38;2;207;208;204mロ[38;2;215;213;207mポ[38;2;219;217;212mロ[38;2;186;182;177mぽ[38;2;185;166;154mゑ[38;2;200;173;157mあ[38;2;153;122;107mぽ[38;2;163;158;154mぱ[38;2;197;195;190mロ[38;2;195;191;184mあ[39m
[38;2;78;75;73mコ[38;2;151;128;87mち[38;2;191;152;80mロ[38;2;190;144;74mロ[38;2;154;120;67mロ[38;2;168;138;86mゑ[38;2;99;115;103mぴ[38;2;93;122;121mみ[38;2;69;109;110mャ[38;2;116;186;189mゐ[38;2;120;149;139mコ[38;2;97;157;159mタ[38;2;24;52;54mソ[38;2;49;73;76mィ[38;2;103;149;152mェ[38;2;103;142;142mぱ[38;2;178;188;180mあ[38;2;203;198;192mあ[38;2;188;162;147mあ[38;2;187;160;144mあ[38;2;180;159;143mぱ[38;2;178;153;138mポ[38;2;139;139;137mる[38;2;193;192;188mぬ[38;2;209;206;199mロ[39m
[38;2;126;109;80mだ[38;2;196;155;81mあ[38;2;161;112;52mヴ[38;2;209;174;100mぽ[38;2;197;151;77mあ[38;2;168;128;70mぱ[38;2;190;152;89mロ[38;2;107;109;91mわ[38;2;102;137;136mざ[38;2;74;120;121mコ[38;2;90;138;139mそ[38;2;85;123;123mず[38;2;31;53;53mコ[38;2;104;124;110mげ[38;2;167;189;165mあ[38;2;210;220;197mぬ[38;2;183;237;237mぽ[38;2;173;162;153mあ[38;2;203;177;159mロ[38;2;200;173;157mあ[38;2;180;149;133mぽ[38;2;150;125;109mあ[38;2;158;156;153mぽ[38;2;188;184;180mロ[38;2;174;170;164mぎ[39m
[38;2;124;108;69mぽ[38;2;243;210;121mあ[38;2;183;144;78mロ[38;2;205;161;79mポ[38;2;199;159;86mゑ[38;2;163;154;111mぬ[38;2;180;166;132mェ[38;2;216;140;68mあ[38;2;100;96;77mず[38;2;98;145;147mサ[38;2;92;137;137mぱ[38;2;94;131;131mゅ[38;2;86;119;115mポ[38;2;79;101;92mロ[38;2;60;102;94mベ[38;2;158;220;220mあ[38;2;182;214;199mあ[38;2;153;165;160mず[38;2;195;167;151mロ[38;2;174;152;137mあ[38;2;179;154;139mあ[38;2;180;150;133mま[38;2;148;147;144mゑ[38;2;186;186;182mぱ[38;2;207;207;205mあ[39m
[38;2;73;53;39mー[38;2;213;169;86mポ[38;2;160;107;46mっ[38;2;203;158;75mぽ[38;2;169;140;79mポ[38;2;96;148;148mヹ[38;2;140;175;164mロ[38;2;222;189;136mロ[38;2;187;132;73mあ[38;2;211;169;115mあ[38;2;159;113;51mょ[38;2;138;133;95mゅ[38;2;113;111;82mヶ[38;2;54;101;106mロ[38;2;27;85;96mぎ[38;2;121;177;178mヺ[38;2;163;218;215mぱ[38;2;115;119;119mの[38;2;199;183;169mあ[38;2;210;185;168mあ[38;2;180;152;136mポ[38;2;161;136;121mま[38;2;174;172;167mあ[38;2;189;189;188mポ[38;2;201;201;199mぎ[39m
[38;2;128;104;62mル[38;2;176;141;83mロ[38;2;122;93;54mぴ[38;2;77;90;80mタ[38;2;33;67;70mだ[38;2;34;47;47mゾ[38;2;97;129;125mワ[38;2;98;109;97mプ[38;2;162;137;100mぬ[38;2;149;88;47mヂ[38;2;137;123;72mゐ[38;2;51;91;94mピ[38;2;73;110;111mゑ[38;2;44;77;75mサ[38;2;58;131;145mコ[38;2;77;149;163mゐ[38;2;56;90;95mぬ[38;2;143;176;176mぱ[38;2;169;188;182mロ[38;2;205;178;162mあ[38;2;176;148;132mロ[38;2;178;150;134mゑ[38;2;182;179;175mあ[38;2;211;211;209mあ[38;2;219;219;215mぎ[39m
[38;2;63;51;32mっ[38;2;160;126;73mぽ[38;2;190;160;104mま[38;2;117;108;69mむ[38;2;101;132;133mし[38;2;136;193;194mま[38;2;11;21;23mぃ[38;2;44;61;60mー[38;2;30;73;81mェ[38;2;68;113;112mめ[38;2;56;98;97mあ[38;2;66;112;116mポ[38;2;59;124;136mあ[38;2;21;69;77mあ[38;2;71;130;137mゐ[38;2;72;123;124mポ[38;2;81;101;93mバ[38;2;165;235;237mポ[38;2;106;143;142mゐ[38;2;203;177;160mロ[38;2;166;142;128mゑ[38;2;176;150;135mぜ[38;2;159;159;155mあ[38;2;229;229;226mぎ[38;2;195;194;191mあ[39m
[38;2;98;86;63mズ[38;2;164;127;74mぎ[38;2;189;154;87mゑ[38;2;66;119;120mっ[38;2;162;229;227mロ[38;2;163;206;198mあ[38;2;162;229;232mゐ[38;2;43;77;80mん[38;2;50;113;124mロ[38;2;57;106;108mロ[38;2;68;136;150mぽ[38;2;54;112;123mゐ[38;2;23;41;43mバ[38;2;36;69;74mい[38;2;59;132;147mヺ[38;2;62;115;119mロ[38;2;102;146;148mぱ[38;2;159;204;200mゐ[38;2;93;133;134mゑ[38;2;172;152;138mあ[38;2;189;163;147mぽ[38;2;155;130;114mあ[38;2;133;133;131mゑ[38;2;219;218;209mぬ[38;2;206;203;169mぎ[39m
[38;2;214;184;109mぱ[38;2;219;180;98mぽ[38;2;200;167;97mロ[38;2;81;124;124mコ[38;2;163;227;227mぽ[38;2;172;205;190mあ[38;2;174;239;240mあ[38;2;129;199;204mゐ[38;2;65;100;91mゐ[38;2;59;128;142mあ[38;2;74;146;161mゐ[38;2;94;165;179mぬ[38;2;73;123;125mゑ[38;2;56;100;103mほ[38;2;35;80;84mロ[38;2;73;148;163mあ[38;2;119;179;183mぽ[38;2;169;238;237mゑ[38;2;121;166;167mぬ[38;2;198;179;165mあ[38;2;186;163;147mぱ[38;2;178;156;140mゐ[38;2;140;140;128mプ[38;2;242;239;193mロ[38;2;226;223;184mぎ[39m
[38;2;235;202;116mロ[38;2;237;202;113mぽ[38;2;191;166;98mぎ[38;2;102;142;140mコ[38;2;147;201;197mロ[38;2;172;240;238mあ[38;2;178;216;199mぎ[38;2;159;214;212mあ[38;2;68;133;145mぱ[38;2;74;128;132mロ[38;2;69;141;154mぽ[38;2;80;138;142mゑ[38;2;91;156;163mぱ[38;2;59;121;132mモ[38;2;39;80;83mぱ[38;2;60;118;124mプ[38;2;89;150;157mプ[38;2;173;235;233mぽ[38;2;166;215;213mぽ[38;2;182;198;193mゐ[38;2;207;180;164mリ[38;2;167;151;131mウ[38;2;133;132;103mげ[38;2;186;182;143mポ[38;2;226;225;189mぎ[39m
[38;2;232;199;110mプ[38;2;230;196;108mゑ[38;2;118;99;59mむ[38;2;112;158;156mる[38;2;134;189;184mぽ[38;2;152;224;226mプ[38;2;154;199;194mぎ[38;2;144;191;184mあ[38;2;139;205;208mぬ[38;2;149;210;213mぉ[38;2;77;122;120mロ[38;2;66;113;118mぱ[38;2;91;161;173mご[38;2;93;164;171mぽ[38;2;34;78;87mプ[38;2;62;129;142mサ[38;2;74;127;129mぱ[38;2;121;156;149mコ[38;2;168;215;204mぽ[38;2;196;238;236mあ[38;2;187;163;149mぎ[38;2;112;109;83mゖ[38;2;198;195;154mぬ[38;2;232;229;181mポ[38;2;207;207;164mぎ[39m
[38;2;228;193;105mゑ[38;2;228;196;111mぽ[38;2;91;50;22mぇ[38;2;129;174;172mモ[38;2;154;205;196mぱ[38;2;152;223;223mあ[38;2;148;185;181mな[38;2;114;142;134mギ[38;2;131;184;183mボ[38;2;148;202;203mポ[38;2;159;191;182mボ[38;2;141;171;162mヂ[38;2;125;186;186mず[38;2;21;47;49mリ[38;2;15;46;49mざ[38;2;30;84;95mぎ[38;2;78;128;129mぱ[38;2;72;135;143mぴ[38;2;157;224;225mあ[38;2;147;195;191mぱ[38;2;63;56;48mリ[38;2;183;181;146mま[38;2;239;237;192mポ[38;2;196;193;141mャ[38;2;191;190;145mゑ[39m
[38;2;226;191;105mぽ[38;2;118;89;64mひ[38;2;110;66;34mネ[38;2;119;153;147mサ[38;2;166;233;232mロ[38;2;181;213;195mぎ[38;2;112;156;155mな[38;2;97;149;150mは[38;2;124;157;151mる[38;2;132;157;150mゐ[38;2;118;154;156mェ[38;2;83;109;111mこ[38;2;33;67;67mル[38;2;77;81;63mヒ[38;2;120;155;152mぉ[38;2;84;114;111mに[38;2;117;155;155mコ[38;2;147;170;160mょ[38;2;158;213;213mぎ[38;2;131;151;140mピ[38;2;100;118;114mむ[38;2;223;221;167mあ[38;2;212;210;158mゑ[38;2;212;211;157mぉ[38;2;193;193;152mぽ[39m
[38;2;181;149;81mポ[38;2;99;97;73mロ[38;2;28;56;59mく[38;2;84;113;109mク[38;2;124;165;165mプ[38;2;166;198;186mぱ[38;2;173;218;209mあ[38;2;119;169;168mロ[38;2;137;187;183mポ[38;2;181;220;218mぽ[38;2;172;226;223mぽ[38;2;197;247;246mぞ[38;2;188;207;185mぬ[38;2;130;100;58mあ[38;2;118;151;147mぱ[38;2;155;226;225mぽ[38;2;177;222;208mロ[38;2;175;236;234mロ[38;2;155;182;178mあ[38;2;171;219;217mお[38;2;86;125;126mよ[38;2;206;205;152mあ[38;2;190;190;135mあ[38;2;203;201;148mコ[38;2;193;193;149mゐ[39m
[38;2;144;181;177mゑ[38;2;162;198;191mロ[38;2;38;37;36mゾ[38;2;49;50;47mく[38;2;46;59;57mパ[38;2;142;201;200mま[38;2;147;197;190mま[38;2;102;136;131mウ[38;2;80;124;125mゐ[38;2;28;71;74mィ[38;2;115;141;136mプ[38;2;184;194;157mぎ[38;2;165;139;83mぎ[38;2;153;214;214mぽ[38;2;159;210;206mぽ[38;2;180;213;190mあ[38;2;172;240;241mあ[38;2;168;238;237mロ[38;2;130;191;194mヺ[38;2;170;194;182mあ[38;2;140;154;140mぬ[38;2;127;126;97mポ[38;2;178;176;123mど[38;2;206;205;146mぽ[38;2;168;168;138mの[39m
[38;2;86;109;107mむ[38;2;116;141;137mサ[38;2;44;44;42mェ[38;2;55;56;53mふ[38;2;107;107;106mペ[38;2;134;182;180mヂ[38;2;32;51;50mリ[38;2;93;126;112mち[38;2;106;149;147mぎ[38;2;133;136;104mワ[38;2;217;182;104mぱ[38;2;211;165;78mロ[38;2;198;172;102mぎ[38;2;122;183;186mぎ[38;2;118;151;146mポ[38;2;120;163;158mヺ[38;2;120;170;166mあ[38;2;157;195;193mロ[38;2;148;166;154mぎ[38;2;126;167;166mヂ[38;2;151;186;178mネ[38;2;196;162;88mぬ[38;2;215;191;118mぽ[38;2;171;154;102mゑ[38;2;132;121;101mロ[39m
[?25h