[?25l[39m[38;2;14;14;14mぃぃぃぃぃぃぃあ[38;2;41;57;54mェ[38;2;37;53;49mべ[38;2;46;66;63mあ[38;2;23;28;28mソ[38;2;14;14;14mぽぽぱ[38;2;16;16;16mリ[38;2;38;50;47mパ[38;2;84;114;108mん[38;2;13;14;14mぃ[38;2;14;14;14mぽロほゐロぬ[39m
[38;2;14;14;14mぃぃぃぃぃぃぃ[38;2;44;91;83mェ[38;2;38;54;51mギ[38;2;46;66;64mゕ[38;2;22;27;26mツ[38;2;14;14;14mあぃぽあぃロ[38;2;22;23;23mリ[38;2;118;142;135mト[38;2;26;28;28mバ[38;2;14;14;14mあぎあ[38;2;14;13;14mュ[38;2;14;14;14mあ[39m
[38;2;14;14;14mぃぃぃぃぃぃ[38;2;35;71;62mっ[38;2;93;195;170mあ[38;2;43;86;81mい[38;2;21;25;25mソ[38;2;14;14;14mロー[38;2;73;81;85mェ[38;2;104;118;124mぬ[38;2;81;89;92mぉ[38;2;14;13;14mぃ[38;2;15;15;15mゾ[38;2;14;16;16mゆ[38;2;16;19;17mぃ[38;2;77;122;112mベ[38;2;14;13;14mぃ[38;2;14;12;14mぃあぽ[38;2;15;13;14mロ[39m
[38;2;14;14;14mぃぃぃぃぃ[38;2;14;13;14mぃ[38;2;70;180;154mあ[38;2;100;196;170mプ[38;2;86;158;145mぎ[38;2;14;14;14mぽロ[38;2;43;45;47mコ[38;2;115;128;136mあ[38;2;110;124;131mロ[38;2;125;142;150mロ[38;2;96;104;107mが[38;2;14;14;14mあぽ[38;2;14;17;16mぞ[38;2;24;43;39mゾ[38;2;39;79;73mむ[38;2;15;14;13mェ[38;2;15;13;13mュ[38;2;16;14;14mへぃ[39m
[38;2;14;14;14mぃぃぃぃぽ[38;2;37;84;77mコ[38;2;91;199;169mぽ[38;2;120;195;172mヘ[38;2;147;164;148mゑ[38;2;24;25;25mリ[38;2;22;24;24mィ[38;2;91;96;97mっ[38;2;105;115;121mお[38;2;112;123;130mあ[38;2;107;114;117mヺ[38;2;92;101;104mま[38;2;49;52;53mょ[38;2;14;14;14mあ[38;2;14;15;14mポ[38;2;14;16;16mサ[38;2;59;170;152mゑ[38;2;16;13;11mぃ[38;2;17;15;13mけぃ[38;2;21;17;17mー[39m
[38;2;14;14;14mぃぃぃぃ[38;2;13;13;14mぃ[38;2;59;176;156mあ[38;2;97;200;167mあ[38;2;110;199;168mコ[38;2;154;165;149mゑ[38;2;15;16;15mぃ[38;2;20;21;21mぃ[38;2;112;121;127mゑ[38;2;121;131;135mあ[38;2;116;126;129mゐ[38;2;88;93;95mェ[38;2;81;89;91mェ[38;2;96;103;109mゐ[38;2;14;14;14mぃあ[38;2;14;15;15mぱ[38;2;54;184;164mあ[38;2;31;27;26mリ[38;2;19;15;15mー[38;2;31;26;24mく[38;2;20;17;15mぃ[39m
[38;2;14;14;14mぃぃロ[38;2;14;13;14mょ[38;2;31;81;73mコ[38;2;64;185;165mハ[38;2;100;204;168mび[38;2;122;200;169mほ[38;2;133;151;139mま[38;2;61;66;68mア[38;2;90;103;101mェ[38;2;85;95;98mゐ[38;2;24;26;26mソ[38;2;154;170;174mぎ[38;2;159;171;174mぎ[38;2;149;161;163mあ[38;2;121;131;136mあ[38;2;14;14;14mぃぃ[38;2;13;14;13mぃ[38;2;55;177;160mあ[38;2;51;106;95mむ[38;2;31;25;23mィ[38;2;28;21;17mぃ[38;2;55;43;40mィ[39m
[38;2;14;12;14mみ[38;2;14;14;14mし[38;2;14;12;14mニ[38;2;14;13;13mぃ[38;2;54;170;153mぽ[38;2;80;192;164mぱ[38;2;116;202;164mぉ[38;2;130;199;165mぽ[38;2;86;99;94mウ[38;2;88;96;93mゅ[38;2;138;163;159mあ[38;2;92;102;102mだ[38;2;80;86;89mょ[38;2;121;129;131mぽ[38;2;188;200;201mロ[38;2;163;178;181mぽ[38;2;127;141;146mぎ[38;2;14;14;14mぃぃぃ[38;2;53;164;149mあ[38;2;83;180;158mあ[38;2;67;54;50mィ[38;2;59;43;39mノ[38;2;81;68;64mざ[39m
[38;2;15;12;14mロ[38;2;16;14;12mェ[38;2;16;14;14mあ[38;2;34;99;91mぱ[38;2;58;178;160mづ[38;2;99;202;166mあ[38;2;122;200;163mぽ[38;2;53;64;58mむ[38;2;18;19;19mー[38;2;37;40;40mパ[38;2;121;137;136mあ[38;2;141;160;161mぽ[38;2;151;163;165mロ[38;2;171;179;180mぽ[38;2;167;181;183mぬ[38;2;106;118;121mお[38;2;69;69;70mノ[38;2;14;14;14mロぃぃ[38;2;42;102;94mコ[38;2;77;186;162mぱ[38;2;113;123;107mほ[38;2;102;79;71mほ[38;2;109;83;75mぽ[39m
[38;2;53;52;51mァ[38;2;18;14;12mゐ[38;2;20;35;32mハ[38;2;52;174;157mぽ[38;2;64;180;160mハ[38;2;110;204;166mぽ[38;2;49;64;57mソ[38;2;14;14;14mあ[38;2;17;18;19mー[38;2;21;21;21mー[38;2;97;108;110mぱ[38;2;96;100;101mご[38;2;88;93;95mゅ[38;2;71;73;74mい[38;2;91;100;103mぱ[38;2;84;92;96mむ[38;2;45;46;47mソ[38;2;14;14;14mロぃぃぃ[38;2;65;154;135mあ[38;2;107;186;157mあ[38;2;151;110;94mぬ[38;2;155;115;99mぽ[39m
[38;2;18;14;12mぽ[38;2;17;14;12mロ[38;2;42;125;113mほ[38;2;54;173;157mね[38;2;77;186;162mコ[38;2;63;96;82mむ[38;2;14;14;14mぃあ[38;2;53;56;57mノ[38;2;26;28;30mょ[38;2;49;51;52mノ[38;2;80;86;83mに[38;2;99;107;111mぽ[38;2;112;116;117mご[38;2;89;96;99mヹ[38;2;106;112;114mゕ[38;2;18;19;19mぃ[38;2;14;14;14mレぃぃぃ[38;2;32;48;42mゾ[38;2;88;196;164mあ[38;2;174;147;121mあ[38;2;198;145;119mぽ[39m
[38;2;18;14;13mほ[38;2;30;65;60mっ[38;2;50;170;154mあ[38;2;55;171;156mサ[38;2;86;178;156mぎ[38;2;13;14;14mぃ[38;2;14;14;14mぃぃ[38;2;96;104;102mを[38;2;29;31;32mト[38;2;76;84;80mコ[38;2;76;84;85mぱ[38;2;167;184;186mゑ[38;2;184;196;196mあ[38;2;97;104;110mぽ[38;2;112;119;121mぱ[38;2;13;14;13mぃ[38;2;14;14;14mィぃぃぃぃ[38;2;45;92;78mプ[38;2;126;191;157mコ[38;2;206;152;122mぽ[39m
[38;2;14;14;12mぃ[38;2;47;157;142mぽ[38;2;51;167;152mコ[38;2;56;170;155mぃ[38;2;35;55;53mソ[38;2;14;14;14mぃぃあ[38;2;84;94;89mコ[38;2;21;22;22mー[38;2;41;43;44mゾ[38;2;95;101;103mヴ[38;2;87;90;92mヺ[38;2;92;99;101mサ[38;2;73;75;76mダ[38;2;90;92;94mぞ[38;2;15;15;15mぃ[38;2;14;14;14mぃぃぃぃぃぱ[38;2;62;146;124mヺ[38;2;197;160;128mあ[39m
[38;2;49;140;126mぱ[38;2;49;167;152mぽ[38;2;52;165;150mぽ[38;2;65;153;142mぎ[38;2;14;14;13mあ[38;2;14;14;14mぃぃぃ[38;2;40;42;42mへ[38;2;144;153;140mあ[38;2;56;59;56mこ[38;2;14;14;14mぃ[38;2;15;15;15mド[38;2;20;20;20mャ[38;2;105;111;112mる[38;2;121;125;124mぉ[38;2;14;14;14mあぃぃぃぃぃぃ[38;2;14;13;14mぃ[38;2;112;168;141mあ[39m
[38;2;103;171;150mゑ[38;2;67;146;133mロ[38;2;53;161;148mぽ[38;2;38;70;67mむ[38;2;14;14;14mぃあ[38;2;66;95;88mぇ[38;2;75;121;111mは[38;2;81;113;103mは[38;2;122;140;128mあ[38;2;122;131;125mま[38;2;74;75;77mュ[38;2;25;26;25mハ[38;2;68;74;74mら[38;2;189;195;194mぽ[38;2;95;101;100mむ[38;2;33;32;33mし[38;2;14;14;14mぃぃぃぃぃぃロ[38;2;37;74;66mプ[39m
[38;2;78;137;125mゑ[38;2;62;128;118mぎ[38;2;60;133;125mあ[38;2;46;62;60mご[38;2;14;13;13mぃ[38;2;33;26;23mし[38;2;14;17;15mー[38;2;39;63;64mプ[38;2;56;97;97mヺ[38;2;67;124;122mヺ[38;2;82;147;144mゾ[38;2;93;155;148mあ[38;2;88;145;138mぬ[38;2;91;139;133mぱ[38;2;85;98;99mぴ[38;2;26;26;26mー[38;2;39;41;43mっ[38;2;14;14;14mあぃぃぃぃぃロハ[39m
[38;2;81;194;165mロ[38;2;145;197;173mば[38;2;132;132;117mぬ[38;2;208;188;142mぬ[38;2;197;184;153mロ[38;2;201;190;167mあ[38;2;178;169;150mぬ[38;2;88;91;83mょ[38;2;28;43;41mニ[38;2;32;50;48mャ[38;2;39;63;61mプ[38;2;52;94;92mヺ[38;2;69;126;124mぽ[38;2;77;145;140mゑ[38;2;78;152;143mあ[38;2;80;129;118mあ[38;2;72;102;92mに[38;2;14;14;14mぽぃぃぃぃぃあょ[39m
[38;2;74;179;159mポ[38;2;99;161;142mゑ[38;2;129;112;101mプ[38;2;134;116;104mぴ[38;2;148;127;104mぴ[38;2;169;151;125mぎ[38;2;199;181;155mぽ[38;2;201;190;164mロ[38;2;121;112;96mぉ[38;2;33;43;40mヶ[38;2;24;35;31mご[38;2;25;37;33mヸ[38;2;33;48;45mゾ[38;2;58;100;100mヺ[38;2;75;139;136mぽ[38;2;75;149;142mゑ[38;2;73;137;129mぱ[38;2;74;99;94mた[38;2;14;14;14mぽぃぃぃぃぱよ[39m
[38;2;33;46;40mェ[38;2;27;36;33mぃ[38;2;155;148;141mポ[38;2;136;125;118mぬ[38;2;115;102;94mぱ[38;2;118;100;93mあ[38;2;83;69;62mベ[38;2;154;122;104mモ[38;2;117;98;87mサ[38;2;45;59;54mこ[38;2;42;57;54mぢ[38;2;31;44;42mぉ[38;2;23;37;34mヲ[38;2;35;52;48mヸ[38;2;56;100;98mプ[38;2;70;157;148mに[38;2;76;145;139mポ[38;2;70;137;130mロ[38;2;77;141;126mぬ[38;2;51;69;65mこ[38;2;14;13;14mバ[38;2;14;14;14mぃぃロぎ[39m
[38;2;57;81;80mロ[38;2;58;78;79mヸ[38;2;88;90;88mプ[38;2;154;153;149mぽ[38;2;140;135;129mロ[38;2;133;126;121mロ[38;2;44;42;39mい[38;2;89;76;73mペ[38;2;112;90;80mへ[38;2;51;79;74mコ[38;2;70;108;104mは[38;2;59;82;80mぼ[38;2;53;76;74mる[38;2;43;62;60mヨ[38;2;54;83;83mロ[38;2;55;107;99mず[38;2;68;163;149mぬ[38;2;71;137;134mぽ[38;2;64;131;126mぽ[38;2;80;161;144mヸ[38;2;44;50;49mぐ[38;2;17;18;18mリ[38;2;46;101;85mェ[38;2;73;130;105mょ[38;2;126;92;79mぉ[39m
[38;2;75;155;149mぉ[38;2;71;148;141mぽ[38;2;74;163;149mロ[38;2;88;128;121mに[38;2;125;125;123mポ[38;2;134;135;133mぽ[38;2;117;116;113mロ[38;2;58;59;57mヮ[38;2;87;83;79mょ[38;2;59;98;92mぱ[38;2;87;163;150mあ[38;2;66;98;94mゑ[38;2;82;122;119mぬ[38;2;73;114;112mロ[38;2;71;101;99mギ[38;2;74;123;120mぽ[38;2;65;112;111mゐ[38;2;69;164;153mぉ[38;2;79;184;161mぉ[38;2;82;187;162mぉ[38;2;79;179;154mぉ[38;2;63;146;130mぱ[38;2;67;173;155mヺ[38;2;72;194;163mヺ[38;2;111;185;154mぽ[39m
[38;2;158;172;171mぽ[38;2;123;184;177mあ[38;2;93;146;140mあ[38;2;79;132;128mゐ[38;2;84;142;142mロ[38;2;81;139;128mぎ[38;2;85;104;101mず[38;2;77;77;76mゴ[38;2;87;150;144mポ[38;2;40;56;53mバ[38;2;84;149;140mぽ[38;2;88;158;145mロ[38;2;74;117;112mあ[38;2;84;94;94mぽ[38;2;12;14;14mぃ[38;2;84;174;159mぽ[38;2;74;179;163mぽ[38;2;65;175;161mぃ[38;2;80;201;174mヺ[38;2;69;164;151mぎ[38;2;55;119;114mび[38;2;59;110;109mき[38;2;45;78;80mヹ[38;2;38;66;67mプ[38;2;55;122;116mポ[39m
[38;2;179;195;197mヺ[38;2;208;208;206mロ[38;2;174;180;181mぬ[38;2;77;140;143mあ[38;2;74;169;157mほ[38;2;89;131;119mぎ[38;2;70;105;98mわ[38;2;38;40;40mこ[38;2;49;74;72mコ[38;2;69;114;108mロ[38;2;45;71;69mプ[38;2;95;144;135mぬ[38;2;107;109;109mウ[38;2;82;84;85mト[38;2;13;13;13mぃ[38;2;87;191;170mボ[38;2;78;185;165mポ[38;2;66;173;158mモ[38;2;67;137;133mぎ[38;2;52;137;124mぉ[38;2;57;114;107mぎ[38;2;62;129;130mぽ[38;2;196;176;135mぬ[38;2;193;184;155mぉ[38;2;91;122;111mに[39m
[38;2;115;144;156mあ[38;2;192;201;200mあ[38;2;194;202;202mぎ[38;2;132;154;158mむ[38;2;83;175;164mぽ[38;2;67;107;97mれ[38;2;71;91;87mぱ[38;2;66;75;74mゐ[38;2;30;31;30mツ[38;2;75;111;107mゑ[38;2;72;109;104mれ[38;2;101;106;107mの[38;2;14;14;14mぃ[38;2;37;37;38mべ[38;2;21;23;23mぃ[38;2;73;157;146mぬ[38;2;69;167;155mポ[38;2;68;158;148mロ[38;2;64;154;144mぽ[38;2;57;110;104mぽ[38;2;49;98;95mぱ[38;2;67;134;138mぎ[38;2;127;131;130mぬ[38;2;178;167;147mロ[38;2;182;164;142mあ[39m
[?25h