[?25l[39m[38;2;136;136;135mゐ[38;2;165;164;165mぱ[38;2;179;179;179mぬ[38;2;187;187;187mぽ[38;2;218;218;218mノ[38;2;187;187;187mぃ[38;2;181;181;181mぱる[38;2;179;179;179mぽ[38;2;185;185;185mあ[38;2;183;183;183mぉ[38;2;192;192;192mぉ[38;2;208;208;208mぉ[38;2;205;205;205mヰ[38;2;207;207;207mコ[38;2;216;216;216mぽ[38;2;217;217;217mロ[38;2;211;211;211mむぎ[38;2;209;209;209mロ[38;2;204;204;204mほ[38;2;194;194;194mぽ[38;2;200;200;200mぬ[38;2;177;175;177mぬ[38;2;151;150;150mあ[39m
[38;2;167;142;143mヴ[38;2;168;165;165mヺ[38;2;179;177;178mあ[38;2;203;203;203mァ[38;2;190;190;189mく[38;2;183;183;181mワ[38;2;180;180;178mぎ[38;2;176;176;175mま[38;2;178;178;178mぱ[38;2;189;189;189mモ[38;2;190;190;190mコ[38;2;203;203;203mぱ[38;2;211;211;211mゆ[38;2;210;210;210mほ[38;2;212;212;212mロ[38;2;213;213;213mぬポ[38;2;205;205;205mロ[38;2;203;203;203mロ[38;2;207;207;207mあ[38;2;206;206;206mぽ[38;2;195;195;195mぽ[38;2;201;200;200mあ[38;2;193;191;191mあ[38;2;175;173;173mぱ[39m
[38;2;175;54;57mぽ[38;2;127;118;118mぽ[38;2;164;162;162mぽ[38;2;190;190;189mぃ[38;2;190;190;188mぃ[38;2;181;181;178mあ[38;2;171;171;170mあ[38;2;164;164;164mロ[38;2;183;183;183mぎ[38;2;182;182;182mポ[38;2;183;183;183mガ[38;2;198;198;198mぽ[38;2;208;208;208mぎ[38;2;203;203;203mゑ[38;2;199;199;199mま[38;2;198;198;198mボ[38;2;192;191;192mポ[38;2;197;196;196mぽ[38;2;193;192;193mロ[38;2;196;194;195mぽ[38;2;203;203;203mぎ[38;2;196;196;196mロ[38;2;191;190;191mぽ[38;2;191;189;189mロ[38;2;190;188;189mず[39m
[38;2;151;67;69mね[38;2;136;134;134mぎ[38;2;165;163;163mあ[38;2;172;171;171mサ[38;2;188;188;186mう[38;2;172;171;169mあ[38;2;153;153;152mゑ[38;2;161;160;160mぽ[38;2;152;152;152mあ[38;2;157;157;157mぉ[38;2;179;179;179mほ[38;2;197;197;197mヸ[38;2;195;195;195mぽ[38;2;183;183;183mポ[38;2;188;188;188mロ[38;2;174;172;173mロ[38;2;178;176;178mポ[38;2;196;196;196mま[38;2;183;182;182mぽ[38;2;182;181;182mぽ[38;2;199;198;198mあ[38;2;189;188;188mロ[38;2;187;186;186mロ[38;2;192;190;191mポ[38;2;188;182;182mロ[39m
[38;2;139;95;96mロ[38;2;139;137;138mあ[38;2;161;158;158mあ[38;2;162;160;161mゑ[38;2;160;159;158mあ[38;2;151;151;149mゐ[38;2;160;160;159mぽ[38;2;150;150;149mぽ[38;2;137;137;137mぽ[38;2;122;122;122mぞ[38;2;128;128;128mプ[38;2;149;149;149mぎ[38;2;164;164;164mぽ[38;2;172;172;172mポ[38;2;179;179;179mロ[38;2;176;174;175mぎ[38;2;170;168;169mヂ[38;2;197;197;197mぽ[38;2;170;168;168mぬ[38;2;172;170;172mぽ[38;2;190;188;189mぽ[38;2;185;185;185mあ[38;2;183;183;183mあ[38;2;192;186;187mぎ[38;2;188;178;177mあ[39m
[38;2;166;100;102mあ[38;2;161;130;132mぎ[38;2;149;145;146mロ[38;2;148;146;148mぽ[38;2;151;149;149mぬ[38;2;147;146;146mあ[38;2;134;133;133mサ[38;2;125;125;125mぽ[38;2;73;72;73mし[38;2;76;76;76mく[38;2;99;99;99mぱ[38;2;77;77;77mプ[38;2;98;98;98mプ[38;2;105;105;105mプ[38;2;147;147;147mポ[38;2;168;167;166mヂ[38;2;156;154;154mぱ[38;2;163;163;163mボ[38;2;168;166;166mあ[38;2;151;149;149mあ[38;2;186;185;186mあ[38;2;181;179;180mロ[38;2;191;191;191mあ[38;2;192;179;180mま[38;2;193;164;164mぱ[39m
[38;2;187;124;125mゴ[38;2;181;153;155mぬ[38;2;155;154;155mぎ[38;2;167;167;167mみ[38;2;127;125;126mゆ[38;2;141;140;139mサ[38;2;64;64;64mむ[38;2;80;80;80mガ[38;2;72;72;72mん[38;2;51;51;51mぃ[38;2;104;104;104mぽ[38;2;51;51;51mぽ[38;2;59;59;59mー[38;2;76;76;76mデ[38;2;137;137;137mモ[38;2;140;139;140mぴ[38;2;129;128;129mゑ[38;2;101;101;103mる[38;2;135;133;135mあ[38;2;140;138;140mロ[38;2;174;172;173mき[38;2;172;170;171mロ[38;2;188;188;188mあ[38;2;179;176;176mゑ[38;2;198;146;147mロ[39m
[38;2;207;149;150mデ[38;2;170;144;144mポ[38;2;149;148;148mゑ[38;2;164;162;164mぽ[38;2;158;156;156mあ[38;2;88;86;87mだ[38;2;57;55;55mソ[38;2;60;58;59mノ[38;2;61;59;61mナ[38;2;56;56;56mハ[38;2;80;80;80mナ[38;2;56;56;56mし[38;2;47;47;47mは[38;2;36;36;36mヘ[38;2;109;109;109mぱ[38;2;139;137;137mづ[38;2;138;136;137mゑ[38;2;128;126;127mぬ[38;2;120;118;120mば[38;2;131;129;132mヺ[38;2;173;171;172mあ[38;2;150;148;149mゲ[38;2;182;181;182mま[38;2;164;162;163mゑ[38;2;177;149;149mゐ[39m
[38;2;218;41;47mば[38;2;206;132;135mギ[38;2;177;151;152mぱ[38;2;152;149;150mあ[38;2;135;133;135mネ[38;2;71;69;70mソ[38;2;54;52;54mち[38;2;56;54;56mリ[38;2;52;50;50mむ[38;2;60;59;60mィ[38;2;61;61;61mぬ[38;2;63;63;63mゐ[38;2;51;51;51mゐ[38;2;75;75;75mコ[38;2;122;122;122mぽ[38;2;141;141;141mぎ[38;2;115;113;113mロ[38;2;142;132;131mぬ[38;2;174;60;71mは[38;2;125;123;125mプ[38;2;168;166;168mぽ[38;2;133;131;132mコ[38;2;172;170;171mぎ[38;2;159;157;158mあ[38;2;166;151;151mぽ[39m
[38;2;236;26;33mと[38;2;232;102;104mュ[38;2;208;164;165mヺ[38;2;190;178;179mシ[38;2;117;116;115mょ[38;2;57;55;56mだ[38;2;54;52;52mン[38;2;55;53;54mぴ[38;2;64;62;62mぬ[38;2;60;59;59mに[38;2;60;60;60mコ[38;2;61;61;61mえ[38;2;57;57;57mし[38;2;109;109;109mぽ[38;2;139;138;139mロ[38;2;147;147;147mゐ[38;2;133;133;133mな[38;2;123;122;122mコ[38;2;146;143;143mポ[38;2;126;125;125mロ[38;2;133;131;132mゐ[38;2;131;129;130mぬ[38;2;150;141;141mだ[38;2;158;136;136mモ[38;2;166;136;136mず[39m
[38;2;246;16;23mゾ[38;2;238;25;32mプ[38;2;226;64;70mノ[38;2;194;168;168mサ[38;2;111;75;77mれ[38;2;47;46;47mむ[38;2;44;43;43mヂ[38;2;55;55;55mユ[38;2;91;91;89mポ[38;2;56;54;56mノ[38;2;47;47;47mソ[38;2;61;61;61mブ[38;2;53;53;53mプ[38;2;89;89;89mモ[38;2;131;131;131mヺ[38;2;180;178;180mあ[38;2;165;165;165mぬ[38;2;138;138;138mロ[38;2;137;136;136mロ[38;2;144;142;143mぽ[38;2;126;74;76mな[38;2;134;114;114mぽ[38;2;154;106;108mる[38;2;174;110;112mコ[38;2;198;62;65mぱ[39m
[38;2;247;15;22mゐ[38;2;245;18;25mヅ[38;2;222;42;48mコ[38;2;179;87;90mぽ[38;2;56;52;52mょ[38;2;39;38;39mヂ[38;2;34;34;34mゐ[38;2;53;53;53mコ[38;2;106;105;105mネ[38;2;83;83;82mむ[38;2;56;54;56mノ[38;2;40;40;40mぃ[38;2;34;34;34mむ[38;2;94;94;94mぱ[38;2;78;78;78mり[38;2;130;129;130mガ[38;2;173;171;172mロ[38;2;173;173;173mぱ[38;2;169;167;168mゐ[38;2;117;108;109mゑ[38;2;184;78;82mあ[38;2;186;63;66mぬ[38;2;167;87;90mぱ[38;2;216;48;52mま[38;2;212;46;51mヴ[39m
[38;2;238;21;27mプ[38;2;242;18;26mハ[38;2;222;34;41mぎ[38;2;181;66;70mぎ[38;2;40;39;39mる[38;2;29;29;29mソ[38;2;30;30;30mけ[38;2;44;44;44mヂ[38;2;84;84;83mコ[38;2;117;117;117mポ[38;2;123;123;123mぬ[38;2;101;101;101mぉ[38;2;85;85;85mょ[38;2;51;51;51mリ[38;2;68;68;68mポ[38;2;77;77;77mズ[38;2;42;42;42mご[38;2;55;55;55mゾ[38;2;92;92;92mヷ[38;2;159;48;51mぱ[38;2;211;45;49mぃ[38;2;205;49;53mロ[38;2;202;47;52mロ[38;2;204;50;54mぃぃ[39m
[38;2;223;31;38mぱ[38;2;225;29;36mぽ[38;2;221;34;40mぎ[38;2;83;30;32mべ[38;2;40;39;39mあ[38;2;28;28;28mロ[38;2;29;29;29mぽ[38;2;33;33;33mコ[38;2;56;56;56mプ[38;2;85;85;84mプ[38;2;124;124;124mぽ[38;2;132;132;132mモ[38;2;136;136;136mゑ[38;2;113;113;112mぬ[38;2;76;75;74mょ[38;2;117;116;116mよ[38;2;65;65;65mほ[38;2;41;41;41mウ[38;2;121;53;55mコ[38;2;226;33;39mま[38;2;204;50;54mぃぃぃぃぃ[39m
[38;2;178;58;62mヺ[38;2;186;57;60mノ[38;2;156;45;49mぎ[38;2;28;25;24mぽ[38;2;32;32;32mゾ[38;2;27;27;27mヨ[38;2;30;30;30mぽー[38;2;35;35;35mプ[38;2;47;47;47mプ[38;2;73;73;73mプ[38;2;105;105;105mヂ[38;2;96;96;96mヸ[38;2;91;91;90mボ[38;2;75;75;75mサ[38;2;57;57;57mこ[38;2;47;47;47mぞ[38;2;127;64;66mぉ[38;2;202;51;55mあ[38;2;204;50;54mぃぃぃぃぃぃ[39m
[38;2;140;77;78mま[38;2;161;55;58mポ[38;2;47;20;21mソ[38;2;27;25;26mソ[38;2;27;27;27mく[38;2;26;26;26mあ[38;2;30;30;30mあ[38;2;32;32;32mぱ[38;2;34;34;34mぉぃ[38;2;35;35;35mゾ[38;2;41;41;41mこ[38;2;36;36;36mず[38;2;34;34;34mサじ[38;2;61;60;59mし[38;2;122;71;72mぱ[38;2;213;43;48mあ[38;2;204;50;54mぃぃぃぃぃぃ[38;2;224;33;39mあ[39m
[38;2;26;14;14mヅ[38;2;27;23;23mほ[38;2;41;39;40mる[38;2;32;33;33mご[38;2;22;22;22mゾ[38;2;25;25;25mコ[38;2;29;29;29mあ[38;2;32;32;32mあ[38;2;34;34;34mぃああに[38;2;30;30;30mむ[38;2;36;31;31mじ[38;2;120;73;73mぉ[38;2;200;49;53mぬ[38;2;211;44;48mポ[38;2;214;40;46mコ[38;2;227;30;38mぬ[38;2;186;38;42mポ[38;2;156;48;50mぽ[38;2;150;65;67mヹ[38;2;136;64;66mネ[38;2;164;41;45mプ[38;2;154;36;40mサ[39m
[38;2;32;32;32mポ[38;2;23;23;23mた[38;2;24;24;24mゾ[38;2;37;37;37mず[38;2;22;22;22mぃ[38;2;23;23;23mポ[38;2;27;27;27mゑ[38;2;32;32;32mコ[38;2;34;34;34mあ[38;2;40;31;31mッ[38;2;58;52;53mし[38;2;51;44;44mャ[38;2;43;39;39mケ[38;2;23;21;21mソ[38;2;127;64;66mポ[38;2;205;41;46mポ[38;2;193;40;45mぽ[38;2;175;49;53mヂ[38;2;104;49;50mヷ[38;2;86;85;83mぽ[38;2;83;82;81mボ[38;2;73;72;71mプ[38;2;61;60;59mプ[38;2;62;61;60mプ[38;2;64;64;62mヺ[39m
[38;2;28;28;28mぱ[38;2;22;21;21mン[38;2;18;18;18mコ[38;2;25;25;25mヷ[38;2;22;22;22mヒ[38;2;21;21;21mィ[38;2;24;24;24mプ[38;2;31;31;31mヺ[38;2;33;33;33mあ[38;2;32;32;32mぬぃぱ[38;2;31;31;31mロ[38;2;24;24;24mむ[38;2;14;14;14mぉ[38;2;48;46;47mぉ[38;2;56;54;56mロ[38;2;66;65;64mポ[38;2;72;71;69mヺ[38;2;58;57;56mず[38;2;38;37;37mヷ[38;2;32;31;32mヂ[38;2;39;37;38mプ[38;2;45;43;44mサ[38;2;50;48;50mュ[39m
[38;2;23;23;23mグ[38;2;16;16;16mい[38;2;22;22;22mぽ[38;2;23;23;23mぉ[38;2;22;22;22mコ[38;2;23;23;23mゆ[38;2;22;22;22mヹ[38;2;25;25;25mヺ[38;2;30;30;30mポ[38;2;32;32;32mヺ[38;2;34;34;34mヺ[38;2;32;32;32mポ[38;2;30;30;30mぎ[38;2;26;26;26mむ[38;2;32;32;32mプ[38;2;48;46;48mヺ[38;2;49;47;48mヂ[38;2;40;39;39mヺ[38;2;33;33;33mプ[38;2;22;22;22mボ[38;2;15;15;15mサ[38;2;14;14;14mサ[38;2;20;20;20mプ[38;2;25;25;25mヂ[38;2;27;25;26mヺ[39m
[38;2;19;19;19mコ[38;2;22;22;22mぉぽき[38;2;21;21;21mカん[38;2;24;24;24mぽ[38;2;22;22;22mい[38;2;23;23;23mプ[38;2;27;27;27mヺ[38;2;29;29;29mヺヂ[38;2;27;27;27mガ[38;2;26;26;26mぽプ[38;2;30;30;30mプ[38;2;26;26;26mヷ[38;2;17;17;17mヺ[38;2;12;12;12mサ[38;2;8;8;8mサ[38;2;6;6;6mサポ[38;2;11;11;11mプ[38;2;14;14;14mヂサ[39m
[38;2;19;19;19mゑト[38;2;18;18;18mプ[38;2;19;19;19mー[38;2;21;21;21mぬ[38;2;19;19;19mー[38;2;20;20;20mリ[38;2;21;21;21mだ[38;2;20;20;20mガ[38;2;21;21;21mヹ[38;2;23;23;23mポ[38;2;24;24;24mぎ[38;2;22;22;22mポ[38;2;23;23;23mあ[38;2;24;24;24mぽ[38;2;20;20;20mポ[38;2;13;13;13mポ[38;2;7;7;7mヺ[38;2;3;3;3mワ[38;2;2;2;2mぃ[38;2;3;3;3mぽ[38;2;6;6;6mぽ[38;2;8;8;8mぱ[38;2;10;10;10mサ[38;2;8;8;8mぃ[39m
[38;2;14;14;14mヺ[38;2;11;11;11mく[38;2;13;13;13mゾ[38;2;18;18;18mヹ[38;2;20;20;20mず[38;2;18;18;18mし[38;2;19;19;19mヷ[38;2;20;20;20mぜビおゅ[38;2;21;21;21mず[38;2;20;20;20mプ[38;2;21;21;21mぽ[38;2;22;22;22mぎ[38;2;17;17;17mゐ[38;2;8;8;8mむ[38;2;3;3;3mむ[38;2;2;2;2mぃろ[38;2;4;4;4mェ[38;2;9;9;9mャ[38;2;14;14;14mぁ[38;2;11;11;11mぉ[38;2;8;8;8mッ[39m
[38;2;6;6;6mロ[38;2;12;12;12mモぉプ[38;2;14;14;14mプ[38;2;20;20;20mぉは[38;2;21;21;21mょ[38;2;22;22;22mゅ[38;2;20;20;20mれ[38;2;21;21;21mコ[38;2;23;23;23mぉ[38;2;20;20;20mじ[38;2;22;22;22mぎじ[38;2;19;19;19mロ[38;2;10;10;10mむ[38;2;4;4;4mロぉ[38;2;6;6;6mェ[38;2;9;9;9mコ[38;2;13;13;13mぉ[38;2;17;17;17mあぉ[38;2;12;12;12mは[39m
[?25h