[?25l[39m[38;2;102;96;101mプ[38;2;200;191;199mゑ[38;2;230;218;228mあ[38;2;230;218;229mぱ[38;2;228;216;228mロ[38;2;226;214;227mあ[38;2;226;214;226mあ[38;2;219;207;220mぎ[38;2;203;190;203mぎ[38;2;226;214;228mヸ[38;2;225;214;225mあ[38;2;211;199;211mあ[38;2;214;202;216mあ[38;2;223;212;224mあ[38;2;195;183;195mロ[38;2;223;211;225mぽ[38;2;202;189;202mロ[38;2;220;209;222mぽ[38;2;212;201;213mぱ[38;2;222;211;225mロ[38;2;204;193;205mロ[38;2;197;185;197mあ[38;2;221;208;222mぽ[38;2;208;198;209mロ[38;2;202;190;202mあ[39m
[38;2;216;206;214mぽ[38;2;231;219;229mぎ[38;2;232;220;230mあ[38;2;230;218;230mぎ[38;2;211;200;212mぽ[38;2;174;165;174mぎ[38;2;196;185;198mぎ[38;2;222;210;223mあ[38;2;220;208;222mあ[38;2;200;188;200mぽ[38;2;213;200;214mあ[38;2;226;214;226mコロ[38;2;226;214;227mよ[38;2;226;215;226mあ[38;2;207;193;205mゐ[38;2;193;182;197mロ[38;2;194;182;195mロ[38;2;218;206;219mぽ[38;2;225;212;226mヺ[38;2;224;214;226mぬ[38;2;213;202;214mロ[38;2;188;176;188mあ[38;2;220;208;220mぽ[38;2;195;184;195mぽ[39m
[38;2;127;120;127mぱ[38;2;188;178;187mゐ[38;2;228;216;227mぽ[38;2;230;218;230mあ[38;2;228;216;228mぉ[38;2;224;212;225mあ[38;2;190;178;190mロ[38;2;196;183;196mぱ[38;2;216;202;216mぎ[38;2;200;186;200mロ[38;2;221;207;220mぽ[38;2;214;201;213mロ[38;2;225;214;227mあ[38;2;226;214;228mロ[38;2;227;215;227mお[38;2;225;213;225mロ[38;2;188;173;185mゐ[38;2;188;175;188mぽ[38;2;193;179;192mぱ[38;2;200;189;201mぎ[38;2;224;212;226mあぽ[38;2;223;211;224mぽ[38;2;196;184;197mロ[38;2;221;209;223mロ[39m
[38;2;232;220;230mぽぃ[38;2;232;220;231mあ[38;2;230;218;228mあ[38;2;228;216;228mあ[38;2;218;206;218mあ[38;2;224;212;225mあ[38;2;210;198;212mぽ[38;2;217;204;218mぎ[38;2;199;187;201mあ[38;2;203;189;202mあ[38;2;223;212;224mぱ[38;2;226;214;227mぽ[38;2;225;214;227mロ[38;2;226;214;226mぎ[38;2;226;214;228mあ[38;2;223;211;224mロ[38;2;210;196;208mぽ[38;2;224;213;225mほ[38;2;223;211;225mロ[38;2;208;194;207mぽ[38;2;223;213;227mロ[38;2;226;214;226mあ[38;2;218;207;220mゐ[38;2;194;183;196mロ[39m
[38;2;189;178;187mぬ[38;2;231;220;230mあ[38;2;231;219;229mぎ[38;2;230;218;228mあ[38;2;194;184;194mぽ[38;2;224;212;224mぽ[38;2;226;214;226mぽぎ[38;2;202;188;200mぱ[38;2;208;196;211mぽ[38;2;228;216;228mぉはょ[38;2;226;215;227mぽ[38;2;228;216;228mロ[38;2;226;214;227mぽ[38;2;225;214;226mロ[38;2;224;212;225mロ[38;2;224;214;226mあ[38;2;222;211;224mぎ[38;2;224;213;225mヹ[38;2;224;213;226mロ[38;2;226;214;226mぽ[38;2;226;214;228mロ[38;2;224;214;228mロ[39m
[38;2;74;71;74mじ[38;2;154;147;153mぉ[38;2;211;199;213mぽ[38;2;188;178;187mロ[38;2;229;217;228mロ[38;2;228;216;228mぽ[38;2;227;215;227mゑ[38;2;226;214;225mぎ[38;2;207;191;203mロ[38;2;227;216;227mあ[38;2;230;218;230mる[38;2;232;220;230mぽ[38;2;213;201;210mぽ[38;2;231;219;230mロ[38;2;229;217;229mあ[38;2;228;216;228mあぉ[38;2;227;216;228mる[38;2;226;215;226mぽ[38;2;225;213;225mあ[38;2;193;181;193mロ[38;2;224;214;227mポ[38;2;226;214;228mぎ[38;2;187;175;191mロ[38;2;223;213;227mぽ[39m
[38;2;193;180;194mポ[38;2;181;164;187mぽ[38;2;174;162;174mロ[38;2;202;191;200mロ[38;2;224;212;222mぽ[38;2;202;191;200mぽ[38;2;230;218;229mま[38;2;225;212;224mあ[38;2;213;200;210mぎ[38;2;222;210;221mロ[38;2;214;202;213mぎ[38;2;222;210;219mぎ[38;2;220;208;218mあ[38;2;217;205;215mロ[38;2;213;201;210mぎ[38;2;216;204;213mあ[38;2;231;219;230mあ[38;2;205;193;204mあ[38;2;229;217;228mロ[38;2;217;204;216mぎ[38;2;215;203;214mあ[38;2;213;201;212mあ[38;2;228;216;228mあ[38;2;213;201;213mあ[38;2;198;181;205mゑ[39m
[38;2;0;0;0mぃ[38;2;130;124;129mジ[38;2;194;184;193mあ[38;2;230;218;228mぽ[38;2;211;200;210mあ[38;2;229;217;226mぽ[38;2;230;218;228mぽ[38;2;204;192;201mぎ[38;2;171;159;167mね[38;2;221;208;218mあ[38;2;152;136;140mロ[38;2;150;139;147mロ[38;2;204;192;200mぎ[38;2;182;168;182mロ[38;2;200;189;197mぎ[38;2;138;126;132mモ[38;2;183;171;180mぽ[38;2;165;153;162mロ[38;2;158;147;156mプ[38;2;218;205;216mロ[38;2;146;134;142mゐ[38;2;200;187;197mお[38;2;191;179;187mぽ[38;2;230;218;229mロ[38;2;168;156;167mぎ[39m
[38;2;0;0;0mぃ[38;2;173;164;170mほ[38;2;230;218;228mゑ[38;2;216;205;214mあ[38;2;187;178;186mぱ[38;2;230;218;228mぽ[38;2;194;181;191mぬ[38;2;187;169;172mぬ[38;2;195;183;192mあ[38;2;171;149;158mゐ[38;2;189;174;186mあ[38;2;174;156;162mぱ[38;2;122;101;101mチ[38;2;170;153;164mロ[38;2;188;176;182mあ[38;2;143;122;122mぎ[38;2;143;130;134mだ[38;2;214;202;212mあ[38;2;152;136;141mモ[38;2;167;147;154mぽ[38;2;226;213;225mあ[38;2;142;124;126mズ[38;2;198;185;194mロ[38;2;200;188;198mあ[38;2;230;218;228mあ[39m
[38;2;99;95;99mし[38;2;226;216;225mぽ[38;2;146;136;146mガ[38;2;188;171;195mぎ[38;2;225;215;225mぽ[38;2;166;146;162mあ[38;2;148;132;141mぽ[38;2;152;126;122mポ[38;2;203;185;206mぎ[38;2;156;134;135mぬ[38;2;153;127;129mぽ[38;2;194;181;194mぎ[38;2;172;143;139mゑ[38;2;146;122;123mボ[38;2;186;167;177mロ[38;2;175;148;143mぎ[38;2;164;145;145mロ[38;2;162;145;153mポ[38;2;152;129;133mが[38;2;142;120;118mず[38;2;144;124;133mヹ[38;2;176;158;172mぱ[38;2;155;133;133mヹ[38;2;219;207;216mぽ[38;2;158;146;149mぽ[39m
[38;2;150;145;150mぞ[38;2;13;12;13mリ[38;2;133;120;139mぱ[38;2;181;167;187mロ[38;2;152;137;154mあ[38;2;171;140;131mぎ[38;2;166;146;151mロ[38;2;143;145;156mま[38;2;169;168;178mな[38;2;150;142;149mぜ[38;2;97;77;74mヂ[38;2;163;143;151mロ[38;2;166;143;140mぽ[38;2;189;158;153mゑ[38;2;186;164;174mロ[38;2;214;190;186mあ[38;2;184;162;157mあ[38;2;130;109;107mほ[38;2;133;116;128mち[38;2;78;73;73mい[38;2;0;0;0mゾ[38;2;42;37;43mゾ[38;2;148;148;163mロ[38;2;125;113;119mぱ[38;2;213;191;187mぽ[39m
[38;2;0;0;0mぃぃ[38;2;194;175;202mぎ[38;2;153;138;158mポ[38;2;148;120;116mロ[38;2;103;85;81mよ[38;2;217;195;190mあ[38;2;189;189;185mゑ[38;2;219;227;224mロ[38;2;186;182;182mヸ[38;2;2;2;2mぃ[38;2;37;30;28mゾ[38;2;182;157;153mモ[38;2;204;178;171mあ[38;2;197;173;177mロ[38;2;219;197;191mゐ[38;2;172;152;149mロ[38;2;156;158;165mほ[38;2;190;192;193mほ[38;2;82;77;75mべ[38;2;0;0;0mし[38;2;17;19;18mハ[38;2;217;228;223mロ[38;2;194;172;167mゐ[38;2;196;167;160mむ[39m
[38;2;0;0;0mぃ[38;2;31;28;32mバ[38;2;35;32;37mソ[38;2;82;68;68mコ[38;2;168;137;129mロ[38;2;150;122;116mを[38;2;186;161;156mあ[38;2;202;189;184mロ[38;2;218;227;225mぽ[38;2;109;115;111mむ[38;2;2;2;2mモ[38;2;1;1;1mプ[38;2;158;161;166mぉ[38;2;216;192;187mロ[38;2;209;187;181mぽ[38;2;220;198;194mあ[38;2;217;213;209mぽ[38;2;220;230;224mぽ[38;2;180;187;183mぬ[38;2;76;81;78mご[38;2;63;67;64mじ[38;2;174;182;178mぱ[38;2;216;225;219mぎ[38;2;219;196;192mポ[38;2;177;153;148mロ[39m
[38;2;0;0;0mぃぃぃ[38;2;46;38;36mプ[38;2;166;136;129mぱ[38;2;180;148;140mあ[38;2;148;119;114mロ[38;2;211;189;183mあ[38;2;203;209;207mあ[38;2;218;228;225mあ[38;2;162;170;166mぉ[38;2;163;170;165mぉ[38;2;221;229;225mロ[38;2;219;202;197mぽ[38;2;220;199;194mェ[38;2;220;200;194mゐ[38;2;221;207;203mプ[38;2;195;200;193mロ[38;2;221;230;225mあ[38;2;222;230;226mぱロ[38;2;218;227;221mぽ[38;2;190;173;168mロ[38;2;185;164;160mぽ[38;2;221;199;194mロ[39m
[38;2;0;0;0mぃぃぃぃ[38;2;121;98;95mプ[38;2;180;146;140mあ[38;2;145;117;111mあ[38;2;200;177;171mあ[38;2;202;187;182mぽ[38;2;197;202;202mぎ[38;2;221;230;226mロ[38;2;221;230;225mぽ[38;2;197;200;197mゑ[38;2;223;203;199mロ[38;2;195;176;171mあ[38;2;223;203;199mょ[38;2;224;204;199mゐ[38;2;215;196;191mあ[38;2;184;175;170mぱ[38;2;189;190;185mぎ[38;2;185;186;180mあ[38;2;189;175;169mあ[38;2;202;180;175mぎ[38;2;98;87;85mプ[38;2;136;122;131mち[39m
[38;2;0;0;0mぃぃぃぃぃ[38;2;139;116;123mぴ[38;2;172;142;135mあ[38;2;145;123;117mぽ[38;2;224;206;200mゑ[38;2;224;206;202mあ[38;2;192;183;178mぽ[38;2;191;180;177mロ[38;2;225;208;205mロ[38;2;191;175;173mむ[38;2;179;157;152mあ[38;2;230;212;208mぁロロロ[38;2;226;208;203mロ[38;2;226;206;200mぉ[38;2;224;204;198mあ[38;2;84;75;73mむ[38;2;70;62;82mぱ[38;2;183;165;205mじ[39m
[38;2;0;0;0mぃぃぃぃぃ[38;2;195;182;215mロ[38;2;132;114;143mぱ[38;2;124;104;112mぴ[38;2;227;210;206mあ[38;2;230;211;207mぱ[38;2;230;212;208mロ[38;2;231;212;208mぬ[38;2;230;212;208mぽ[38;2;230;211;207mあ[38;2;214;196;192mぽ[38;2;232;214;210mあぃぃぃあ[38;2;229;211;207mぬ[38;2;190;175;171mあ[38;2;2;2;2mぃ[38;2;132;119;147mぱ[38;2;209;199;228mぽ[39m
[38;2;0;0;0mぃぃぃぃぃ[38;2;200;189;221mあ[38;2;183;169;205mロ[38;2;158;137;180mあ[38;2;170;151;155mぎ[38;2;224;205;200mぽ[38;2;232;214;210mロぃぃ[38;2;230;212;207mぽ[38;2;208;191;187mポ[38;2;207;189;185mポ[38;2;224;206;203mぽ[38;2;232;214;210mぃぃ[38;2;231;213;209mあ[38;2;159;146;144mポ[38;2;1;1;1mぃ[38;2;27;25;29mハ[38;2;209;198;228mあ[38;2;210;198;228mあ[39m
[38;2;0;0;0mぃぃぃぃ[38;2;1;1;2mぃ[38;2;173;163;192mロ[38;2;161;150;181mぎ[38;2;152;136;173mロ[38;2;168;148;193mあ[38;2;139;123;149mぱ[38;2;182;164;159mヺ[38;2;226;207;203mぽ[38;2;232;214;210mぎ[38;2;194;176;172mあ[38;2;163;84;85mあ[38;2;172;93;96mあ[38;2;227;209;205mあ[38;2;232;214;210mあ[38;2;227;209;206mぽ[38;2;166;144;145mヺ[38;2;1;1;1mぃ[38;2;0;0;0mバ[38;2;102;96;112mぱ[38;2;209;197;227mぽ[38;2;210;199;229mよ[39m
[38;2;0;0;0mぃぃぃじ[38;2;98;94;107mコ[38;2;200;190;220mあ[38;2;184;172;205mゑ[38;2;121;105;136mポ[38;2;186;170;208mぬ[38;2;167;149;194mぃ[38;2;152;135;172mゐ[38;2;101;87;84mプ[38;2;192;173;169mポ[38;2;228;211;206mあ[38;2;182;140;139mロ[38;2;181;148;145mロ[38;2;230;212;208mぽ[38;2;179;162;159mあ[38;2;138;110;113mぱ[38;2;11;8;8mリ[38;2;0;0;0mワ[38;2;2;0;2mぃ[38;2;175;166;192mあ[38;2;210;198;228mゐ[38;2;212;201;230mっ[39m
[38;2;0;0;0mぃぃぃ[38;2;155;149;167mぉ[38;2;213;204;231mロ[38;2;199;188;219mぎ[38;2;152;142;170mロ[38;2;122;106;139mロ[38;2;192;180;214mあ[38;2;191;179;213mぬ[38;2;175;155;199mッ[38;2;89;78;103mむ[38;2;0;0;0mぃ[38;2;116;103;98mプ[38;2;193;176;172mポ[38;2;213;196;192mポ[38;2;151;134;133mワ[38;2;161;128;132mポ[38;2;8;5;6mリ[38;2;1;0;0mサ[38;2;0;1;0mぃ[38;2;156;148;169mぱ[38;2;209;199;229mぽ[38;2;213;202;232mェ[38;2;217;208;234mコ[39m
[38;2;0;0;0mぃぃ[38;2;79;76;86mプ[38;2;217;207;232mあ[38;2;213;204;230mゑ[38;2;208;198;226mボ[38;2;172;160;193mあ[38;2;132;116;151mゑ[38;2;183;173;203mゑ[38;2;204;192;223mロ[38;2;201;189;221mあ[38;2;119;109;134mゐ[38;2;2;2;1mる[38;2;1;1;1mげゾ[38;2;0;0;0mぃ[38;2;2;2;2mワ[38;2;1;1;1mサ[38;2;0;0;0mヂぃ[38;2;161;153;177mぉ[38;2;208;197;226mぽ[38;2;212;201;230mェ[38;2;217;209;234mほ[38;2;221;213;237mぽ[39m
[38;2;0;0;0mぃぃバ[38;2;87;83;95mプ[38;2;202;193;221mぽ[38;2;208;198;225mあ[38;2;162;147;183mロ[38;2;120;104;139mぬ[38;2;135;124;150mほ[38;2;213;205;231mゐ[38;2;209;198;228mぬ[38;2;203;191;222mロ[38;2;139;131;155mぉ[38;2;1;1;2mぃ[38;2;0;0;0mぃぃぃぃ[38;2;1;1;1mぃ[38;2;137;129;151mぉ[38;2;207;195;225mあ[38;2;212;203;232mぉ[38;2;217;208;234mほ[38;2;222;214;237mぽ[38;2;224;216;238mぱ[39m
[38;2;0;0;0mぃぃぃぃ[38;2;57;54;64mプ[38;2;170;160;186mあ[38;2;168;149;195mあ[38;2;127;111;148mロ[38;2;120;111;135mロ[38;2;222;214;236mゑ[38;2;218;209;234mぬ[38;2;212;203;230mゐ[38;2;207;196;226mェ[38;2;183;173;202mゐ[38;2;96;91;106mに[38;2;0;0;0mぃユぃ[38;2;140;131;156mぉ[38;2;203;192;222mぽ[38;2;211;200;229mェ[38;2;219;211;235mぁ[38;2;223;215;238mぽ[38;2;224;216;238mぃぃ[39m
[?25h